10001|QQ|0.001|0.001|0|0.2|0.3|0.2|0.3
10002|飞信|0.001|0.001|0|0.2|0.3|0.2|0.3
10003|MSN|0.001|0.001|0|0.2|0.3|0.2|0.3
10004|阿里旺旺|0.001|0.001|0|0.2|0.3|0.2|0.3
10005|微信|0.001|0.001|0|0.2|0.3|0.2|0.3
10006|陌陌|0.001|0.001|0|0.2|0.3|0.2|0.3
10007|米聊|0.001|0.001|0|0.2|0.3|0.2|0.3
10008|啪啪|0.001|0.001|0|0.2|0.3|0.2|0.3
10009|飞聊|0.001|0.001|0|0.2|0.3|0.2|0.3
10010|来往|0.001|0.001|0|0.2|0.3|0.2|0.3
10011|连我|0.001|0.001|0|0.2|0.3|0.2|0.3
10012|有你|0.001|0.001|0|0.2|0.3|0.2|0.3
10013|Kakao Talk|0.001|0.001|0|0.2|0.3|0.2|0.3
10014|Whatsapp|0.001|0.001|0|0.2|0.3|0.2|0.3
10015|比邻|0.001|0.001|0|0.2|0.3|0.2|0.3
20016|新浪读书|0.001|0.001|0.1|0.3|0.3|0.2|0.1
20017|潇湘书院|0.001|0.001|0.1|0.3|0.3|0.2|0.1
20018|红袖添香|0.001|0.001|0.1|0.3|0.3|0.2|0.1
20019|纵横中文网|0.001|0.001|0.1|0.3|0.3|0.2|0.1
20020|掌上书院|0.001|0.001|0.1|0.3|0.3|0.2|0.1
20021|和阅读|0.001|0.001|0.1|0.3|0.3|0.2|0.1
20022|掌阅iReader|0.001|0.001|0.1|0.3|0.3|0.2|0.1
20023|QQ阅读|0.001|0.001|0.1|0.3|0.3|0.2|0.1
20024|百阅|0.001|0.001|0.1|0.3|0.3|0.2|0.1
20025|塔读小说|0.001|0.001|0.1|0.3|0.3|0.2|0.1
20026|Flipboard|0.001|0.001|0.1|0.3|0.3|0.2|0.1
20027|zaker|0.001|0.001|0.1|0.3|0.3|0.2|0.1
20028|viva畅读|0.001|0.001|0.1|0.3|0.3|0.2|0.1
20029|鲜果|0.001|0.001|0.1|0.3|0.3|0.2|0.1
20030|安卓读书|0.001|0.001|0.1|0.3|0.3|0.2|0.1
20031|云中书城|0.001|0.001|0.1|0.3|0.3|0.2|0.1
20032|百度多酷书城|0.001|0.001|0.1|0.3|0.3|0.2|0.1
20033|阅读星|0.001|0.001|0.1|0.3|0.3|0.2|0.1
20034|书包|0.001|0.001|0.1|0.3|0.3|0.2|0.1
30035|新浪微博|0.001|0.001|0|0.2|0.3|0.2|0.3
30036|搜狐微博|0.001|0.001|0|0.2|0.3|0.2|0.3
30037|网易微博|0.001|0.001|0|0.2|0.3|0.2|0.3
30038|Weico微博客户端|0.001|0.001|0|0.2|0.3|0.2|0.3
30039|移动139微博|0.001|0.001|0|0.2|0.3|0.2|0.3
30040|Yibo微博客户端|0.001|0.001|0|0.2|0.3|0.2|0.3
40041|谷歌地图|0.7|0.3|0|0.6|0.3|0.05|0.05
30042|百度地图|0.7|0.3|0|0.6|0.3|0.05|0.05
30043|老虎地图|0.7|0.3|0|0.6|0.3|0.05|0.05
30044|高德导航|0.7|0.3|0|0.6|0.3|0.05|0.05
30045|凯立德|0.7|0.3|0|0.6|0.3|0.05|0.05
30046|导航犬|0.7|0.3|0|0.6|0.3|0.05|0.05
30047|苹果地图|0.7|0.3|0|0.6|0.3|0.05|0.05
50048|优酷网|0.001|0.001|0|0.2|0.3|0.2|0.3
50049|土豆网|0.001|0.001|0|0.2|0.3|0.2|0.3
50050|酷6网|0.001|0.001|0|0.2|0.3|0.2|0.3
50051|搜狐视频|0.001|0.001|0|0.2|0.3|0.2|0.3
50052|和视频|0.001|0.001|0|0.2|0.3|0.2|0.3
50053|腾讯视频|0.001|0.001|0|0.2|0.3|0.2|0.3
50054|乐视网|0.001|0.001|0|0.2|0.3|0.2|0.3
50055|电影网|0.001|0.001|0|0.2|0.3|0.2|0.3
50056|CNTV|0.001|0.001|0|0.2|0.3|0.2|0.3
50057|爱奇艺|0.001|0.001|0|0.2|0.3|0.2|0.3
50058|芒果TV|0.001|0.001|0|0.2|0.3|0.2|0.3
50059|新浪视频|0.001|0.001|0|0.2|0.3|0.2|0.3
50060|微视|0.001|0.001|0|0.2|0.3|0.2|0.3
50061|56视频|0.001|0.001|0|0.2|0.3|0.2|0.3
50062|激动网|0.001|0.001|0|0.2|0.3|0.2|0.3
50063|网易公开课|0.001|0.001|0.001|0.002|0.002|0.002|0.003
50064|TED|0.001|0.001|0.001|0.002|0.002|0.002|0.003
50065|360影视大全|0.001|0.001|0|0.2|0.3|0.2|0.3
50066|Gif快手|0.001|0.001|0|0.2|0.3|0.2|0.3
50067|火花电视剧|0.001|0.001|0|0.2|0.3|0.2|0.3
50068|爱拍|0.001|0.001|0|0.2|0.3|0.2|0.3
60069|QQ音乐|0.001|0.001|0|0.2|0.3|0.2|0.3
60070|酷我音乐盒|0.001|0.001|0|0.2|0.3|0.2|0.3
60071|酷狗音乐|0.001|0.001|0|0.2|0.3|0.2|0.3
60072|多米音乐|0.001|0.001|0|0.2|0.3|0.2|0.3
60073|百度音乐|0.001|0.001|0|0.2|0.3|0.2|0.3
60074|天天动听|0.001|0.001|0|0.2|0.3|0.2|0.3
60075|唱吧|0.001|0.001|0|0.2|0.3|0.2|0.3
60076|咪咕音乐|0.001|0.001|0|0.2|0.3|0.2|0.3
60077|全曲下载|0.001|0.001|0|0.2|0.3|0.2|0.3
60078|中央音乐平台全曲下载平台|0.001|0.001|0|0.2|0.3|0.2|0.3
350079|豆瓣FM|0.001|0.001|0.1|0.3|0.3|0.2|0.1
350080|喜马拉雅FM|0.001|0.001|0.1|0.3|0.3|0.2|0.1
350081|荔枝FM|0.001|0.001|0.1|0.3|0.3|0.2|0.1
350082|多听FM|0.001|0.001|0.1|0.3|0.3|0.2|0.1
350083|考拉FM电台|0.001|0.001|0.1|0.3|0.3|0.2|0.1
60084|爱唱|0.001|0.001|0|0.2|0.3|0.2|0.3
60085|K歌达人|0.001|0.001|0|0.2|0.3|0.2|0.3
350086|龙卷风收音机|0.001|0.001|0.1|0.3|0.3|0.2|0.1
350087|酷狗FM|0.001|0.001|0.1|0.3|0.3|0.2|0.1
60088|移动练歌房|0.001|0.001|0|0.2|0.3|0.2|0.3
350089|懒人听书|0.001|0.001|0.1|0.3|0.3|0.2|0.1
350090|善听听书|0.001|0.001|0.1|0.3|0.3|0.2|0.1
350091|凤凰FM|0.001|0.001|0.1|0.3|0.3|0.2|0.1
70092|Mobile Market|0.001|0.001|0.001|0.002|0.002|0.002|0.003
70093|豌豆荚|0.001|0.001|0.001|0.002|0.002|0.002|0.003
70094|AppStore|0.001|0.001|0.001|0.002|0.002|0.002|0.003
70095|91助手|0.001|0.001|0.001|0.002|0.002|0.002|0.003
70096|360手机助手|0.001|0.001|0.001|0.002|0.002|0.002|0.003
70097|机锋市场|0.001|0.001|0.001|0.002|0.002|0.002|0.003
70098|安智市场|0.001|0.001|0.001|0.002|0.002|0.002|0.003
70099|百度手机助手|0.001|0.001|0.001|0.002|0.002|0.002|0.003
70100|同步推|0.001|0.001|0.001|0.002|0.002|0.002|0.003
70101|Google Play|0.001|0.001|0.001|0.002|0.002|0.002|0.003
70102|木蚂蚁|0.001|0.001|0.001|0.002|0.002|0.002|0.003
70103|三星应用商店|0.001|0.001|0.001|0.002|0.002|0.002|0.003
70104|小米应用商店|0.001|0.001|0.001|0.002|0.002|0.002|0.003
70105|联想乐商店|0.001|0.001|0.001|0.002|0.002|0.002|0.003
70106|应用宝|0.001|0.001|0.001|0.002|0.002|0.002|0.003
70107|网易应用中心|0.001|0.001|0.001|0.002|0.002|0.002|0.003
70108|Windows Phone应用商店|0.001|0.001|0.001|0.002|0.002|0.002|0.003
70109|可可软件商店|0.001|0.001|0.001|0.002|0.002|0.002|0.003
70110|应用汇|0.001|0.001|0.001|0.002|0.002|0.002|0.003
70111|酷派应用商店|0.001|0.001|0.001|0.002|0.002|0.002|0.003
70112|华为应用市场|0.001|0.001|0.001|0.002|0.002|0.002|0.003
70113|魅族应用中心|0.001|0.001|0.001|0.002|0.002|0.002|0.003
70114|快用苹果助手|0.001|0.001|0.001|0.002|0.002|0.002|0.003
70115|搜苹果|0.001|0.001|0.001|0.002|0.002|0.002|0.003
70116|海马苹果助手|0.001|0.001|0.001|0.002|0.002|0.002|0.003
70117|沃商店|0.001|0.001|0.001|0.002|0.002|0.002|0.003
70118|乐趣手机助手|0.001|0.001|0.001|0.002|0.002|0.002|0.003
70119|搜狗手机助手|0.001|0.001|0.001|0.002|0.002|0.002|0.003
70120|易用汇|0.001|0.001|0.001|0.002|0.002|0.002|0.003
80121|和游戏|0.001|0.001|0.001|0.002|0.002|0.002|0.003
80122|战国天下|0.7|0.3|0.1|0.3|0.3|0.2|0.1
80123|水果派对|0.4|0.6|0|0.2|0.3|0.2|0.3
80124|忍者无极|0.4|0.6|0|0.2|0.3|0.2|0.3
80125|摩天轮|0.001|0.001|0|0.2|0.3|0.2|0.3
80126|17173|0.4|0.6|0|0.2|0.3|0.2|0.3
80127|雷霆战机|0.8|0.2|0.1|0.3|0.3|0.2|0.1
80128|植物大战僵尸|0.6|0.4|0.1|0.3|0.3|0.2|0.1
80129|疯狂猜图|0.4|0.6|0|0.2|0.3|0.2|0.3
80130|捕鱼达人|0.4|0.6|0|0.2|0.3|0.2|0.3
80131|保卫萝卜|0.6|0.4|0.1|0.3|0.3|0.2|0.1
80132|时空猎人|0.9|0.1|0.1|0.3|0.3|0.2|0.1
80133|神魔|0.9|0.1|0.1|0.3|0.3|0.2|0.1
80134|大掌门|0.7|0.3|0.1|0.3|0.3|0.2|0.1
80135|富豪传奇|0.6|0.4|0.1|0.3|0.3|0.2|0.1
80136|部落冲突|0.7|0.3|0.1|0.3|0.3|0.2|0.1
80137|刀塔传奇|0.8|0.2|0.1|0.3|0.3|0.2|0.1
80138|全民突击|0.9|0.1|0.1|0.3|0.3|0.2|0.1
80139|我叫MT2|0.8|0.2|0.1|0.3|0.3|0.2|0.1
90140|工商银行|0.7|0.3|0|0.2|0.3|0.2|0.3
90141|中国建设银行|0.7|0.3|0|0.2|0.3|0.2|0.3
90142|兴业银行|0.7|0.3|0|0.2|0.3|0.2|0.3
90143|移动手机支付|0.6|0.4|0|0.2|0.3|0.2|0.3
90144|支付宝|0.6|0.4|0|0.2|0.3|0.2|0.3
90145|移动手机钱包|0.6|0.4|0|0.2|0.3|0.2|0.3
90146|财付通|0.6|0.4|0|0.2|0.3|0.2|0.3
90147|拉卡拉|0.6|0.4|0|0.2|0.3|0.2|0.3
90148|快钱|0.6|0.4|0|0.2|0.3|0.2|0.3
100149|和动漫|0.001|0.001|0.001|0.002|0.002|0.002|0.003
100150|布卡漫画|0.7|0.3|0.1|0.3|0.3|0.2|0.1
100151|暴走漫画|0.7|0.3|0.1|0.3|0.3|0.2|0.1
100152|看动漫|0.7|0.3|0.1|0.3|0.3|0.2|0.1
110153|163邮箱|0.001|0.001|0|0.2|0.3|0.2|0.3
110154|126邮箱|0.001|0.001|0|0.2|0.3|0.2|0.3
110155|新浪邮箱|0.001|0.001|0|0.2|0.3|0.2|0.3
110156|搜狐邮箱|0.001|0.001|0|0.2|0.3|0.2|0.3
110157|QQ邮箱|0.001|0.001|0|0.2|0.3|0.2|0.3
110158|雅虎邮箱|0.001|0.001|0|0.2|0.3|0.2|0.3
110159|live邮箱|0.001|0.001|0|0.2|0.3|0.2|0.3
110160|21CN邮箱|0.001|0.001|0|0.2|0.3|0.2|0.3
110161|诚信邮|0.001|0.001|0|0.2|0.3|0.2|0.3
50162|迅雷看看|0.001|0.001|0|0.2|0.3|0.2|0.3
50163|PPTV|0.001|0.001|0|0.2|0.3|0.2|0.3
50164|UUSee网络电视|0.001|0.001|0|0.2|0.3|0.2|0.3
50165|暴风影音|0.001|0.001|0|0.2|0.3|0.2|0.3
50166|PPS影音|0.001|0.001|0|0.2|0.3|0.2|0.3
120167|迅雷|0.001|0.001|0.001|0.002|0.002|0.002|0.003
120168|电驴|0.001|0.001|0|0.2|0.3|0.2|0.3
120169|BitTorrent|0.001|0.001|0|0.2|0.3|0.2|0.3
50170|风行|0.001|0.001|0|0.2|0.3|0.2|0.3
130171|有信|0.001|0.001|0|0.2|0.3|0.2|0.3
130172|uu手机网络电话|0.001|0.001|0|0.2|0.3|0.2|0.3
130173|阿里通|0.001|0.001|0|0.2|0.3|0.2|0.3
130174|飞音网络电话|0.001|0.001|0|0.2|0.3|0.2|0.3
130175|3G手机网络电话|0.001|0.001|0|0.2|0.3|0.2|0.3
130176|必通|0.001|0.001|0|0.2|0.3|0.2|0.3
130177|爱聊|0.001|0.001|0|0.2|0.3|0.2|0.3
130178|易聊|0.001|0.001|0|0.2|0.3|0.2|0.3
130179|qq voice|0.001|0.001|0|0.2|0.3|0.2|0.3
140180|彩信|0.8|0.2|0|0.2|0.3|0.2|0.3
140181|手机报|0.8|0.2|0|0.2|0.3|0.2|0.3
180182|腾讯网|0.8|0.2|0|0.2|0.3|0.2|0.3
180183|新浪网|0.8|0.2|0|0.2|0.3|0.2|0.3
180184|搜狐网|0.8|0.2|0|0.2|0.3|0.2|0.3
180185|网易|0.8|0.2|0|0.2|0.3|0.2|0.3
180186|凤凰网|0.8|0.2|0|0.2|0.3|0.2|0.3
180187|人民网|0.8|0.2|0|0.2|0.3|0.2|0.3
180188|新华网|0.8|0.2|0|0.2|0.3|0.2|0.3
180189|中华网|0.8|0.2|0|0.2|0.3|0.2|0.3
180190|新浪财经|0.8|0.2|0|0.2|0.3|0.2|0.3
180191|凤凰财经|0.8|0.2|0|0.2|0.3|0.2|0.3
180192|金融界|0.8|0.2|0|0.2|0.3|0.2|0.3
180193|中国经济网|0.8|0.2|0|0.2|0.3|0.2|0.3
180194|证券之星|0.8|0.2|0|0.2|0.3|0.2|0.3
180195|网易财经|0.8|0.2|0|0.2|0.3|0.2|0.3
180196|搜狐财经|0.8|0.2|0|0.2|0.3|0.2|0.3
180197|华讯财经|0.8|0.2|0|0.2|0.3|0.2|0.3
180198|和讯网|0.8|0.2|0|0.2|0.3|0.2|0.3
20199|起点中文|0.001|0.001|0.1|0.3|0.3|0.2|0.1
20200|17k小说网|0.001|0.001|0.1|0.3|0.3|0.2|0.1
20201|豆瓣读书|0.001|0.001|0.1|0.3|0.3|0.2|0.1
20202|晋江文学城|0.001|0.001|0.1|0.3|0.3|0.2|0.1
20203|腾讯读书|0.001|0.001|0.1|0.3|0.3|0.2|0.1
10204|人人网|0.001|0.001|0|0.2|0.3|0.2|0.3
10205|QQ空间|0.001|0.001|0|0.2|0.3|0.2|0.3
10206|开心网|0.001|0.001|0|0.2|0.3|0.2|0.3
280207|世纪佳缘|0.001|0.001|0|0.2|0.3|0.2|0.3
10208|51.com|0.001|0.001|0|0.2|0.3|0.2|0.3
280209|百合网|0.001|0.001|0|0.2|0.3|0.2|0.3
280210|朋友网|0.001|0.001|0|0.2|0.3|0.2|0.3
280211|珍爱网|0.001|0.001|0|0.2|0.3|0.2|0.3
250212|酷讯|0.001|0.001|0|0.1|0.3|0.3|0.3
240213|58同城|0.001|0.001|0.001|0.002|0.002|0.002|0.003
250214|去哪儿|0.001|0.001|0|0.1|0.3|0.3|0.3
330215|掌中天涯|0.001|0.001|0|0.2|0.3|0.2|0.3
180216|新浪新闻|0.8|0.2|0|0.2|0.3|0.2|0.3
330217|掌上猫扑|0.001|0.001|0|0.2|0.3|0.2|0.3
240218|掌上链家|0.6|0.4|0|0.1|0.3|0.2|0.4
180219|中金在线|0.7|0.3|0|0.2|0.3|0.2|0.3
230220|拉手团购|0.4|0.6|0|0.1|0.3|0.3|0.3
230221|美团|0.4|0.6|0|0.1|0.3|0.3|0.3
230222|窝窝团|0.4|0.6|0|0.1|0.3|0.3|0.3
250223|艺龙|0.001|0.001|0|0.1|0.3|0.3|0.3
240224|搜房网|0.7|0.3|0|0|0.2|0.2|0.6
240225|安居客|0.6|0.4|0|0.1|0.3|0.2|0.4
320226|太平洋汽车网|0.7|0.3|0|0.2|0.3|0.2|0.3
180227|凤凰新闻|0.8|0.2|0|0.2|0.3|0.2|0.3
180228|搜狐新闻|0.8|0.2|0|0.2|0.3|0.2|0.3
180229|腾讯新闻|0.8|0.2|0|0.2|0.3|0.2|0.3
180230|网易新闻|0.8|0.2|0|0.2|0.3|0.2|0.3
270231|淘宝|0.4|0.6|0|0.1|0.3|0.3|0.3
270232|京东|0.4|0.6|0|0.1|0.3|0.3|0.3
270233|拍拍|0.4|0.6|0|0.1|0.3|0.3|0.3
270234|亚马逊|0.4|0.6|0|0.1|0.3|0.3|0.3
270235|凡客|0.4|0.6|0|0.1|0.3|0.3|0.3
240236|365地产家居|0.7|0.3|0|0|0.2|0.2|0.6
240237|淘房网|0.7|0.3|0|0|0.2|0.2|0.6
240238|好租|0.001|0.001|0.001|0.002|0.002|0.002|0.003
240239|亿房网|0.7|0.3|0|0|0.2|0.2|0.6
330240|宝宝树|0.2|0.8|0|0.2|0.3|0.2|0.3
330241|太平洋亲子网|0.2|0.8|0|0.2|0.3|0.2|0.3
330242|搜狐母婴频道|0.2|0.8|0|0.2|0.3|0.2|0.3
230243|团800|0.4|0.6|0|0.1|0.3|0.3|0.3
270244|聚美优品|0.4|0.6|0|0.1|0.3|0.3|0.3
240245|19楼|0.001|0.001|0|0.2|0.3|0.2|0.3
180246|好123|0.8|0.2|0|0.2|0.3|0.2|0.3
180247|百度网址大全|0.8|0.2|0|0.2|0.3|0.2|0.3
270249|中关村在线|0.4|0.6|0|0.1|0.3|0.3|0.3
250250|7天连锁酒店|0.001|0.001|0|0.1|0.3|0.3|0.3
270251|国美在线|0.4|0.6|0|0.1|0.3|0.3|0.3
230252|百度糯米|0.4|0.6|0|0.1|0.3|0.3|0.3
230253|大众点评|0.4|0.6|0|0.1|0.3|0.3|0.3
240254|12580生活|0.4|0.6|0|0.1|0.3|0.3|0.3
270255|苏宁易购|0.4|0.6|0|0.1|0.3|0.3|0.3
230256|饭统网|0.4|0.6|0|0.1|0.3|0.3|0.3
250257|火车票网|0.001|0.001|0|0.1|0.3|0.3|0.3
310258|空中英语|0.3|0.7|0|0.2|0.3|0.2|0.3
180259|瑞丽|0.001|0.001|0.001|0.002|0.002|0.002|0.003
360261|chinahr|0.001|0.001|0|0.2|0.3|0.2|0.3
360262|前程无忧|0.001|0.001|0|0.2|0.3|0.2|0.3
360263|智联招聘|0.001|0.001|0|0.2|0.3|0.2|0.3
360264|智通人才|0.001|0.001|0|0.2|0.3|0.2|0.3
360265|百城求职宝|0.001|0.001|0|0.2|0.3|0.2|0.3
370266|手机百度|0.001|0.001|0.001|0.002|0.002|0.002|0.003
80267|太平洋游戏网|0.4|0.6|0|0.2|0.3|0.2|0.3
80268|新浪游戏网|0.4|0.6|0|0.2|0.3|0.2|0.3
80269|4399游戏网|0.4|0.6|0|0.2|0.3|0.2|0.3
80270|7k7k小游戏|0.4|0.6|0|0.2|0.3|0.2|0.3
80271|电玩巴士|0.4|0.6|0|0.2|0.3|0.2|0.3
80272|178游戏网|0.4|0.6|0|0.2|0.3|0.2|0.3
80273|QQ游戏|0.7|0.3|0|0.2|0.3|0.2|0.3
240274|移动梦网|0.4|0.6|0|0.1|0.3|0.3|0.3
370275|12530WAP门户|0.001|0.001|0.001|0.002|0.002|0.002|0.003
370276|WAP统一门户|0.001|0.001|0.001|0.002|0.002|0.002|0.003
370277|移动139导航|0.001|0.001|0.001|0.002|0.002|0.002|0.003
370278|搜搜|0.001|0.001|0.001|0.002|0.002|0.002|0.003
370279|谷歌搜索|0.001|0.001|0.001|0.002|0.002|0.002|0.003
370280|搜狗搜索|0.001|0.001|0.001|0.002|0.002|0.002|0.003
370281|3G门户|0.001|0.001|0.001|0.002|0.002|0.002|0.003
250282|铁路12306|0.001|0.001|0|0.1|0.3|0.3|0.3
250283|同程网|0.001|0.001|0|0.1|0.3|0.3|0.3
250284|蚂蜂窝|0.001|0.001|0|0.1|0.3|0.3|0.3
250285|驴妈妈|0.001|0.001|0|0.1|0.3|0.3|0.3
270288|麦考林|0.4|0.6|0|0.1|0.3|0.3|0.3
270289|买卖宝|0.4|0.6|0|0.1|0.3|0.3|0.3
240290|赶集网|0.001|0.001|0.001|0.002|0.002|0.002|0.003
320291|汽车之家|0.7|0.3|0|0.2|0.3|0.2|0.3
320292|易车网|0.7|0.3|0|0.2|0.3|0.2|0.3
250293|大麦网|0.001|0.001|0|0.1|0.3|0.3|0.3
370294|知乎|0.001|0.001|0.001|0.002|0.002|0.002|0.003
330295|BBC|0.8|0.2|0|0.2|0.3|0.2|0.3
330296|CNN|0.8|0.2|0|0.2|0.3|0.2|0.3
330297|ABC|0.8|0.2|0|0.2|0.3|0.2|0.3
180298|纽约时报|0.8|0.2|0|0.2|0.3|0.2|0.3
180299|卫报|0.8|0.2|0|0.2|0.3|0.2|0.3
180300|路透社|0.8|0.2|0|0.2|0.3|0.2|0.3
180301|法新社|0.8|0.2|0|0.2|0.3|0.2|0.3
180302|美联社|0.8|0.2|0|0.2|0.3|0.2|0.3
180303|华尔街日报|0.8|0.2|0|0.2|0.3|0.2|0.3
270304|泡泡网|0.4|0.6|0|0.1|0.3|0.3|0.3
330305|大旗网|0.001|0.001|0|0.2|0.3|0.2|0.3
200306|安卓壁纸|0.001|0.001|0.001|0.002|0.002|0.002|0.003
200307|爱壁纸|0.001|0.001|0.001|0.002|0.002|0.002|0.003
200308|铃声多多|0.001|0.001|0.001|0.002|0.002|0.002|0.003
180309|今日头条|0.001|0.001|0.05|0.25|0.25|0.2|0.25
320310|爱卡汽车|0.7|0.3|0|0.2|0.3|0.2|0.3
180311|虎扑|0.8|0.2|0|0.2|0.3|0.2|0.3
180312|广东移动10086|0.8|0.2|0|0.2|0.3|0.2|0.3
180313|Flipboard中国版|0.001|0.001|0.001|0.002|0.002|0.002|0.003
200314|Q立方桌面|0.001|0.001|0.001|0.002|0.002|0.002|0.003
200315|车轮查违章|0.7|0.3|0|0.2|0.3|0.2|0.3
200316|手势管理文档|0.001|0.001|0.001|0.002|0.002|0.002|0.003
220317|360极速浏览器|0.001|0.001|0.001|0.002|0.002|0.002|0.003
310318|智慧树|0.2|0.8|0|0.2|0.3|0.2|0.3
60319|音悦台|0.001|0.001|0|0.2|0.3|0.2|0.3
70320|掌心管家|0.001|0.001|0.001|0.002|0.002|0.002|0.003
200321|我查查|0.001|0.001|0.001|0.002|0.002|0.002|0.003
90322|民生银行|0.7|0.3|0|0.2|0.3|0.2|0.3
310323|猿题库|0.4|0.6|0|0.2|0.3|0.2|0.3
50324|天翼视讯|0.8|0.2|0|0.2|0.3|0.2|0.3
270325|微店|0.4|0.6|0|0.1|0.3|0.3|0.3
130326|微信电话本|0.001|0.001|0|0.2|0.3|0.2|0.3
240327|中国移动手机营业厅|0.4|0.6|0|0.1|0.3|0.3|0.3
70328|PP助手|0.001|0.001|0.001|0.002|0.002|0.002|0.003
270329|千牛|0.4|0.6|0|0.1|0.3|0.3|0.3
10330|易信|0.001|0.001|0|0.2|0.3|0.2|0.3
250331|阿里旅行|0.001|0.001|0|0.1|0.3|0.3|0.3
200332|in|0.001|0.001|0.001|0.002|0.002|0.002|0.003
70333|金山手机助手|0.001|0.001|0.001|0.002|0.002|0.002|0.003
160334|挖财记账理财|0.001|0.001|0|0.2|0.3|0.2|0.3
200335|QQ输入法|0.001|0.001|0.001|0.002|0.002|0.002|0.003
200336|纹字锁屏|0.001|0.001|0.001|0.002|0.002|0.002|0.003
270337|1号店|0.4|0.6|0|0.1|0.3|0.3|0.3
330338|豆果美食|0.4|0.6|0|0.1|0.3|0.3|0.3
250339|铁友火车票|0.001|0.001|0|0.1|0.3|0.3|0.3
250340|途牛旅游|0.001|0.001|0|0.1|0.3|0.3|0.3
20341|追书神器|0.001|0.001|0.1|0.3|0.3|0.2|0.1
200342|百度魔图|0.3|0.7|0.001|0.002|0.002|0.002|0.003
170343|安全市场|0.001|0.001|0.001|0.002|0.002|0.002|0.003
60345|天籁K歌|0.001|0.001|0|0.2|0.3|0.2|0.3
50346|手机电视高清直播|0.001|0.001|0|0.2|0.3|0.2|0.3
200347|搜狗壁纸|0.001|0.001|0.001|0.002|0.002|0.002|0.003
270348|聚划算|0.4|0.6|0|0.1|0.3|0.3|0.3
20349|熊猫看书|0.001|0.001|0.1|0.3|0.3|0.2|0.1
200350|YOO桌面|0.001|0.001|0.001|0.002|0.002|0.002|0.003
40351|图吧导航|0.7|0.3|0|0.6|0.3|0.05|0.05
200352|Photo Grid-相片组合|0.001|0.001|0.001|0.002|0.002|0.002|0.003
50353|萤石云视频|0.001|0.001|0|0.2|0.3|0.2|0.3
210354|115网盘|0.001|0.001|0|0.2|0.3|0.2|0.3
90355|平安口袋银行|0.7|0.3|0|0.2|0.3|0.2|0.3
210356|360云盘|0.001|0.001|0|0.2|0.3|0.2|0.3
20357|多看阅读|0.001|0.001|0.1|0.3|0.3|0.2|0.1
220358|绿茶浏览器|0.001|0.001|0.001|0.002|0.002|0.002|0.003
20359|Adobe Acrobat DC|0.001|0.001|0|0.2|0.3|0.2|0.3
170360|猎豹安全大师|0.001|0.001|0.001|0.002|0.002|0.002|0.003
190361|随手记|0.001|0.001|0|0.2|0.3|0.2|0.3
90362|农行掌上银行|0.7|0.3|0|0.2|0.3|0.2|0.3
170363|乐安全|0.001|0.001|0.001|0.002|0.002|0.002|0.003
10364|天翼空间|0.001|0.001|0|0.2|0.3|0.2|0.3
60365|网易云音乐|0.001|0.001|0|0.2|0.3|0.2|0.3
250366|高铁管家|0.001|0.001|0|0.1|0.3|0.3|0.3
50367|2345影视大全|0.001|0.001|0|0.2|0.3|0.2|0.3
200368|美拍|0.001|0.001|0.001|0.002|0.002|0.002|0.003
180369|一点资讯|0.8|0.2|0|0.2|0.3|0.2|0.3
340370|天翼手机|0.7|0.3|0|0.2|0.3|0.2|0.3
220371|搜狗浏览器|0.001|0.001|0.001|0.002|0.002|0.002|0.003
50372|风行视频|0.001|0.001|0|0.2|0.3|0.2|0.3
200373|联想日历|0.001|0.001|0.001|0.002|0.002|0.002|0.003
200374|51万年历|0.001|0.001|0.001|0.002|0.002|0.002|0.003
70375|MM商场|0.001|0.001|0.001|0.002|0.002|0.002|0.003
50376|央视影音|0.001|0.001|0|0.2|0.3|0.2|0.3
70377|安卓市场|0.001|0.001|0.001|0.002|0.002|0.002|0.003
90378|招商银行|0.7|0.3|0|0.2|0.3|0.2|0.3
20379|网易云阅读|0.001|0.001|0.1|0.3|0.3|0.2|0.1
240380|浙江移动手机营业厅|0.4|0.6|0|0.1|0.3|0.3|0.3
90381|交通银行|0.7|0.3|0|0.2|0.3|0.2|0.3
40382|天翼导航|0.7|0.3|0|0.6|0.3|0.05|0.05
200383|点心桌面|0.001|0.001|0.001|0.002|0.002|0.002|0.003
40384|搜狗地图|0.7|0.3|0|0.6|0.3|0.05|0.05
70385|应用管家|0.001|0.001|0.001|0.002|0.002|0.002|0.003
270386|当当|0.4|0.6|0|0.1|0.3|0.3|0.3
100387|快看漫画|0.7|0.3|0.1|0.3|0.3|0.2|0.1
90388|翼支付|0.6|0.4|0|0.2|0.3|0.2|0.3
270389|卷皮折扣|0.4|0.6|0|0.1|0.3|0.3|0.3
180390|东方财富网|0.7|0.3|0|0.2|0.3|0.2|0.3
170392|金山手机毒霸|0.001|0.001|0.001|0.002|0.002|0.002|0.003
200393|最美天气|0.001|0.001|0.001|0.002|0.002|0.002|0.003
200394|微锁屏|0.001|0.001|0.001|0.002|0.002|0.002|0.003
200395|有道词典|0.001|0.001|0.001|0.002|0.002|0.002|0.003
200396|授权管理(com.kingroot)|0.001|0.001|0.001|0.002|0.002|0.002|0.003
40397|和地图|0.7|0.3|0|0.6|0.3|0.05|0.05
350398|蜻蜓FM|0.001|0.001|0.1|0.3|0.3|0.2|0.1
340399|驾校一点通|0.7|0.3|0|0.2|0.3|0.2|0.3
330400|百度贴吧|0.001|0.001|0|0.2|0.3|0.2|0.3
310401|贝瓦儿歌|0.2|0.8|0|0.2|0.3|0.2|0.3
250402|携程旅行|0.001|0.001|0|0.1|0.3|0.3|0.3
320403|汽车报价大全|0.7|0.3|0|0.2|0.3|0.2|0.3
40404|凯立德导航|0.7|0.3|0|0.6|0.3|0.05|0.05
190405|金太阳|0.7|0.3|0|0.2|0.3|0.2|0.3
200406|正点闹钟|0.001|0.001|0.001|0.002|0.002|0.002|0.003
200407|天翼WiFi客户端|0.001|0.001|0.001|0.002|0.002|0.002|0.003
100408|哔哩哔哩动画|0.001|0.001|0|0.2|0.3|0.2|0.3
60409|酷我K歌|0.001|0.001|0|0.2|0.3|0.2|0.3
170410|金山手机卫士|0.001|0.001|0.001|0.002|0.002|0.002|0.003
200411|随e行wlan|0.001|0.001|0.001|0.002|0.002|0.002|0.003
160412|广发手机证券|0.7|0.3|0|0.2|0.3|0.2|0.3
160413|银河玖乐|0.7|0.3|0|0.2|0.3|0.2|0.3
80414|葫芦侠我的世界|0.6|0.4|0.1|0.3|0.3|0.2|0.1
200415|触宝输入法|0.001|0.001|0.001|0.002|0.002|0.002|0.003
200416|360天气|0.001|0.001|0.001|0.002|0.002|0.002|0.003
200418|WiFi信号增强器|0.001|0.001|0.001|0.002|0.002|0.002|0.003
200420|91智能锁屏|0.001|0.001|0.001|0.002|0.002|0.002|0.003
20421|快读免费小说|0.001|0.001|0.1|0.3|0.3|0.2|0.1
220422|好搜|0.001|0.001|0.001|0.002|0.002|0.002|0.003
40423|腾讯地图|0.7|0.3|0|0.6|0.3|0.05|0.05
200424|酷桌面|0.001|0.001|0.001|0.002|0.002|0.002|0.003
50425|开迅视频|0.001|0.001|0|0.2|0.3|0.2|0.3
50426|VST全聚合|0.8|0.2|0.001|0.002|0.002|0.002|0.003
70427|安卓商城|0.001|0.001|0.001|0.002|0.002|0.002|0.003
30428|腾讯微博|0.001|0.001|0|0.2|0.3|0.2|0.3
210429|酷云|0.001|0.001|0|0.2|0.3|0.2|0.3
200430|免费WiFi钥匙|0.001|0.001|0.001|0.002|0.002|0.002|0.003
300431|快的打车|0.001|0.001|0|0.1|0.3|0.3|0.3
110432|沃邮箱|0.001|0.001|0|0.2|0.3|0.2|0.3
60433|爱音乐|0.001|0.001|0|0.2|0.3|0.2|0.3
50434|小咖秀|0.001|0.001|0|0.2|0.3|0.2|0.3
10435|旺信|0.001|0.001|0|0.2|0.3|0.2|0.3
50436|凤凰视频|0.001|0.001|0|0.2|0.3|0.2|0.3
50437|云图TV手机电视直播|0.8|0.2|0.001|0.002|0.002|0.002|0.003
200438|车轮考驾照|0.001|0.001|0.001|0.002|0.002|0.002|0.003
200439|天天P图|0.3|0.7|0.001|0.002|0.002|0.002|0.003
340440|阿里巴巴|0.7|0.3|0|0.2|0.3|0.2|0.3
200441|365日历|0.001|0.001|0.001|0.002|0.002|0.002|0.003
200442|WIFI万能钥匙|0.001|0.001|0.001|0.002|0.002|0.002|0.003
50443|MX视频播放器|0.001|0.001|0|0.2|0.3|0.2|0.3
200444|和通讯录|0.001|0.001|0.001|0.002|0.002|0.002|0.003
50445|MoboPlayer|0.001|0.001|0|0.2|0.3|0.2|0.3
20446|塔读文学|0.001|0.001|0.1|0.3|0.3|0.2|0.1
160447|e海通财|0.7|0.3|0|0.2|0.3|0.2|0.3
310448|百词斩|0.3|0.7|0|0.2|0.3|0.2|0.3
200449|海报工厂|0.001|0.001|0.001|0.002|0.002|0.002|0.003
20450|糗事百科|0.001|0.001|0.1|0.3|0.3|0.2|0.1
20451|内涵段子|0.001|0.001|0.1|0.3|0.3|0.2|0.1
310452|学霸君|0.001|0.001|0.001|0.002|0.002|0.002|0.003
210453|天翼云|0.001|0.001|0|0.2|0.3|0.2|0.3
110454|139邮箱|0.001|0.001|0|0.2|0.3|0.2|0.3
290455|宝宝医院|0.6|0.4|0.1|0.3|0.3|0.2|0.1
130456|阿里通电话|0.001|0.001|0|0.2|0.3|0.2|0.3
250457|同程旅游|0.001|0.001|0|0.1|0.3|0.3|0.3
60458|虾米音乐|0.001|0.001|0|0.2|0.3|0.2|0.3
50459|快手看片|0.001|0.001|0|0.2|0.3|0.2|0.3
40460|位智|0.7|0.3|0|0.6|0.3|0.05|0.05
170461|LBE安全大师|0.001|0.001|0.001|0.002|0.002|0.002|0.003
50462|千寻影视|0.001|0.001|0|0.2|0.3|0.2|0.3
200463|WIFI密码查看器|0.001|0.001|0.001|0.002|0.002|0.002|0.003
50464|1905电影网|0.001|0.001|0|0.2|0.3|0.2|0.3
110465|189邮箱|0.001|0.001|0|0.2|0.3|0.2|0.3
320466|易车|0.7|0.3|0|0.2|0.3|0.2|0.3
200467|咕咚|0.001|0.001|0.001|0.002|0.002|0.002|0.003
270468|亚马逊购物|0.4|0.6|0|0.1|0.3|0.3|0.3
200469|正点工具箱|0.001|0.001|0.001|0.002|0.002|0.002|0.003
190470|平安人寿|0.001|0.001|0|0.2|0.3|0.2|0.3
20471|小说阅读网|0.001|0.001|0.1|0.3|0.3|0.2|0.1
210472|手机云|0.001|0.001|0|0.2|0.3|0.2|0.3
200473|有道云笔记|0.001|0.001|0.001|0.002|0.002|0.002|0.003
40474|百度导航|0.7|0.3|0|0.6|0.3|0.05|0.05
70475|乐助手|0.001|0.001|0.001|0.002|0.002|0.002|0.003
200476|来电通|0.001|0.001|0.001|0.002|0.002|0.002|0.003
200477|北极星Office|0.001|0.001|0.001|0.002|0.002|0.002|0.003
270478|每日新款|0.4|0.6|0|0.1|0.3|0.3|0.3
60479|宝贝听听|0.001|0.001|0|0.2|0.3|0.2|0.3
200480|违章查询助手|0.7|0.3|0|0.2|0.3|0.2|0.3
310482|纳米盒|0.001|0.001|0.001|0.002|0.002|0.002|0.003
240483|下厨房|0.4|0.6|0|0.1|0.3|0.3|0.3
170484|一键清理大师|0.001|0.001|0.001|0.002|0.002|0.002|0.003
50485|小影（小影-微视频DIY神器）|0.001|0.001|0|0.2|0.3|0.2|0.3
200486|360手机桌面|0.001|0.001|0.001|0.002|0.002|0.002|0.003
170488|百度卫士|0.001|0.001|0.001|0.002|0.002|0.002|0.003
170489|91导航|0.001|0.001|0.001|0.002|0.002|0.002|0.003
200490|搜狗号码通|0.001|0.001|0.001|0.002|0.002|0.002|0.003
220492|猎豹浏览器|0.001|0.001|0.001|0.002|0.002|0.002|0.003
70493|卓易市场|0.001|0.001|0.001|0.002|0.002|0.002|0.003
60494|全民K歌|0.001|0.001|0|0.2|0.3|0.2|0.3
220495|2345浏览器|0.001|0.001|0.001|0.002|0.002|0.002|0.003
10496|Youni有你|0.001|0.001|0|0.2|0.3|0.2|0.3
310497|小猿搜题|0.4|0.6|0|0.2|0.3|0.2|0.3
20498|天翼阅读|0.001|0.001|0.1|0.3|0.3|0.2|0.1
220499|搜狐浏览器|0.001|0.001|0.001|0.002|0.002|0.002|0.003
240500|好豆菜谱|0.4|0.6|0|0.1|0.3|0.3|0.3
50501|快手|0.001|0.001|0|0.2|0.3|0.2|0.3
310502|作业帮|0.001|0.001|0.001|0.002|0.002|0.002|0.003
90503|广发银行手机银行|0.7|0.3|0|0.2|0.3|0.2|0.3
90504|浦发手机银行|0.7|0.3|0|0.2|0.3|0.2|0.3
90505|华夏银行手机银行|0.7|0.3|0|0.2|0.3|0.2|0.3
70506|搜狗市场|0.001|0.001|0.001|0.002|0.002|0.002|0.003
220507|ES文件浏览器|0.001|0.001|0.001|0.002|0.002|0.002|0.003
130508|微会|0.001|0.001|0|0.2|0.3|0.2|0.3
50509|乐视视频|0.001|0.001|0|0.2|0.3|0.2|0.3
200510|小米桌面|0.001|0.001|0.001|0.002|0.002|0.002|0.003
200511|天气通|0.001|0.001|0.001|0.002|0.002|0.002|0.003
40512|高德地图|0.7|0.3|0|0.6|0.3|0.05|0.05
50513|百度视频|0.001|0.001|0|0.2|0.3|0.2|0.3
20514|书旗小说|0.001|0.001|0.1|0.3|0.3|0.2|0.1
20515|宜搜小说|0.001|0.001|0.1|0.3|0.3|0.2|0.1
370516|宜搜搜索|0.001|0.001|0.001|0.002|0.002|0.002|0.003
80517|糖果传奇|0.7|0.3|0.1|0.3|0.3|0.2|0.1
80518|时空猎人-高清版|0.9|0.1|0.1|0.3|0.3|0.2|0.1
80519|花千骨|0.8|0.2|0.1|0.3|0.3|0.2|0.1
80520|全民超神|0.7|0.3|0.1|0.3|0.3|0.2|0.1
80521|王者荣耀|0.7|0.3|0.1|0.3|0.3|0.2|0.1
80522|我的汤姆猫|0.4|0.6|0|0.2|0.3|0.2|0.3
80523|赢话费斗地主|0.7|0.3|0|0.2|0.3|0.2|0.3
80524|熊出没之熊大快跑（送话费）|0.8|0.2|0.1|0.3|0.3|0.2|0.1
80525|捕鱼达人3|0.4|0.6|0|0.2|0.3|0.2|0.3
70526|QQ同步助手|0.001|0.001|0.001|0.002|0.002|0.002|0.003
90527|京东金融|0.7|0.3|0|0.2|0.3|0.2|0.3
90528|微众银行|0.7|0.3|0|0.2|0.3|0.2|0.3
90529|金信宝|0.6|0.4|0|0.2|0.3|0.2|0.3
190530|融360|0.001|0.001|0|0.2|0.3|0.2|0.3
190531|挖财信用卡管家|0.001|0.001|0|0.2|0.3|0.2|0.3
190532|优顾理财|0.7|0.3|0|0.2|0.3|0.2|0.3
90533|易付宝钱包|0.6|0.4|0|0.2|0.3|0.2|0.3
190534|金元宝理财|0.7|0.3|0|0.2|0.3|0.2|0.3
90535|工行手机银行|0.7|0.3|0|0.2|0.3|0.2|0.3
90536|中国银行手机银行|0.7|0.3|0|0.2|0.3|0.2|0.3
90537|中信银行手机银行|0.7|0.3|0|0.2|0.3|0.2|0.3
270538|一号店|0.4|0.6|0|0.1|0.3|0.3|0.3
80539|欢乐斗地主|0.7|0.3|0|0.2|0.3|0.2|0.3
80540|PopStar消灭星星|0.4|0.6|0|0.2|0.3|0.2|0.3
80541|JJ斗地主|0.7|0.3|0|0.2|0.3|0.2|0.3
80542|会说话的汤姆猫2|0.4|0.6|0|0.2|0.3|0.2|0.3
80543|植物大战僵尸2|0.7|0.3|0.1|0.3|0.3|0.2|0.1
80544|多酷斗地主|0.7|0.3|0|0.2|0.3|0.2|0.3
80545|博雅斗地主-欢乐版|0.7|0.3|0|0.2|0.3|0.2|0.3
80546|奇迹暖暖|0.4|0.6|0|0.2|0.3|0.2|0.3
80547|天天爱消除|0.4|0.6|0|0.2|0.3|0.2|0.3
80548|海岛奇兵|0.7|0.3|0.1|0.3|0.3|0.2|0.1
80549|全民飞机大战|0.8|0.2|0.1|0.3|0.3|0.2|0.1
90550|光大银行|0.7|0.3|0|0.2|0.3|0.2|0.3
190551|现金宝|0.001|0.001|0|0.2|0.3|0.2|0.3
190552|PP基金|0.001|0.001|0|0.2|0.3|0.2|0.3
90553|卡360钱包|0.6|0.4|0|0.2|0.3|0.2|0.3
190554|点点搜财|0.001|0.001|0|0.2|0.3|0.2|0.3
190555|搜狐搜易贷理财|0.001|0.001|0|0.2|0.3|0.2|0.3
190556|手机贷|0.001|0.001|0|0.2|0.3|0.2|0.3
190557|万得理财|0.7|0.3|0|0.2|0.3|0.2|0.3
90558|京东钱包|0.6|0.4|0|0.2|0.3|0.2|0.3
190559|口袋理财|0.7|0.3|0|0.2|0.3|0.2|0.3
190560|数米基金宝|0.7|0.3|0|0.2|0.3|0.2|0.3
190561|可溯贷|0.001|0.001|0|0.2|0.3|0.2|0.3
80562|节奏大师|0.4|0.6|0|0.2|0.3|0.2|0.3
80563|钢琴块2|0.4|0.6|0|0.2|0.3|0.2|0.3
80564|popstar|0.4|0.6|0|0.2|0.3|0.2|0.3
270565|天猫|0.4|0.6|0|0.1|0.3|0.3|0.3
190566|爱贷网理财|0.001|0.001|0|0.2|0.3|0.2|0.3
190567|陆金所|0.001|0.001|0|0.2|0.3|0.2|0.3
190568|银票网|0.001|0.001|0|0.2|0.3|0.2|0.3
190569|滚雪球理财|0.001|0.001|0|0.2|0.3|0.2|0.3
190570|卡卡记账|0.001|0.001|0|0.2|0.3|0.2|0.3
90571|玖富钱包|0.6|0.4|0|0.2|0.3|0.2|0.3
190572|仙人掌股票|0.7|0.3|0|0.2|0.3|0.2|0.3
90573|兴业银行手机银行|0.7|0.3|0|0.2|0.3|0.2|0.3
80574|史上最坑爹的游戏|0.4|0.6|0|0.2|0.3|0.2|0.3
80575|欢乐泡泡龙|0.4|0.6|0|0.2|0.3|0.2|0.3
80576|明星斗地主|0.7|0.3|0|0.2|0.3|0.2|0.3
80577|天天酷跑|0.7|0.3|0.1|0.3|0.3|0.2|0.1
80578|开心泡泡猫|0.4|0.6|0|0.2|0.3|0.2|0.3
80579|愚公移山|0.4|0.6|0|0.2|0.3|0.2|0.3
80580|三国杀|0.8|0.2|0.1|0.3|0.3|0.2|0.1
80581|联众斗地主|0.7|0.3|0|0.2|0.3|0.2|0.3
80582|欢乐麻将全集|0.7|0.3|0|0.2|0.3|0.2|0.3
80583|明星梦工厂|0.8|0.2|0.1|0.3|0.3|0.2|0.1
80584|滑雪大冒险|0.7|0.3|0.1|0.3|0.3|0.2|0.1
80585|聚会玩|0.4|0.6|0|0.2|0.3|0.2|0.3
80586|小伴龙|0.4|0.6|0|0.1|0.3|0.3|0.3
80587|中国汉字听写大会|0.4|0.6|0|0.1|0.3|0.3|0.3
80588|雷霆战机-弹幕无双|0.8|0.2|0.1|0.3|0.3|0.2|0.1
80589|围棋宝典|0.7|0.3|0|0.2|0.3|0.2|0.3
80590|赛尔号|0.4|0.6|0|0.1|0.3|0.3|0.3
80591|葫芦侠3楼|0.4|0.6|0|0.2|0.3|0.2|0.3
80592|JJ欢乐斗地主（赢奖+单机）|0.7|0.3|0|0.2|0.3|0.2|0.3
80593|恋学院（音爱而生）官方中文版|0.4|0.6|0|0.2|0.3|0.2|0.3
80594|儿童拖拖乐游戏|0.4|0.6|0|0.1|0.3|0.3|0.3
80595|钓鱼看漂|0.4|0.6|0|0.2|0.3|0.2|0.3
80596|天天富翁|0.4|0.6|0|0.2|0.3|0.2|0.3
80597|口袋英雄|0.7|0.3|0.1|0.3|0.3|0.2|0.1
80598|千炮捕鱼OL|0.4|0.6|0|0.2|0.3|0.2|0.3
80599|地铁跑酷|0.7|0.3|0.1|0.3|0.3|0.2|0.1
80600|神庙逃亡|0.7|0.3|0.1|0.3|0.3|0.2|0.1
180601|牛股头条|0.7|0.3|0|0.2|0.3|0.2|0.3
190602|股票入门|0.7|0.3|0|0.2|0.3|0.2|0.3
80603|宝宝爱卫生|0.4|0.6|0|0.1|0.3|0.3|0.3
80604|国宝三国|0.8|0.2|0.1|0.3|0.3|0.2|0.1
80605|三国战神|0.7|0.3|0.1|0.3|0.3|0.2|0.1
80606|2048精简加强版|0.4|0.6|0|0.2|0.3|0.2|0.3
80607|全民打怪兽|0.7|0.3|0.1|0.3|0.3|0.2|0.1
80608|大鱼吃小鱼OL|0.4|0.6|0|0.2|0.3|0.2|0.3
200610|mua美妆|0.1|0.9|0|0.2|0.3|0.2|0.3
270611|Pinkoi|0.4|0.6|0|0.1|0.3|0.3|0.3
270612|Yoho！Buy有货|0.4|0.6|0|0.1|0.3|0.3|0.3
270613|爱抢购|0.4|0.6|0|0.1|0.3|0.3|0.3
270614|爱鲜蜂|0.4|0.6|0|0.1|0.3|0.3|0.3
270615|爱赚乐导购|0.4|0.6|0|0.1|0.3|0.3|0.3
270616|白菜价折扣|0.4|0.6|0|0.1|0.3|0.3|0.3
270617|半糖|0.4|0.6|0|0.1|0.3|0.3|0.3
270618|帮韩品|0.4|0.6|0|0.1|0.3|0.3|0.3
270620|波奇宠物|0.4|0.6|0|0.1|0.3|0.3|0.3
270621|采淘|0.4|0.6|0|0.1|0.3|0.3|0.3
270622|楚楚街|0.4|0.6|0|0.1|0.3|0.3|0.3
270623|美鞋城|0.4|0.6|0|0.1|0.3|0.3|0.3
270624|达令全球好货|0.4|0.6|0|0.1|0.3|0.3|0.3
270625|大码美衣|0.4|0.6|0|0.1|0.3|0.3|0.3
270626|豆瓣东西|0.4|0.6|0|0.1|0.3|0.3|0.3
270628|9块9包邮|0.4|0.6|0|0.1|0.3|0.3|0.3
270629|邻邻便利|0.4|0.6|0|0.1|0.3|0.3|0.3
270630|韩友赞|0.4|0.6|0|0.1|0.3|0.3|0.3
270631|嗨淘全球|0.4|0.6|0|0.1|0.3|0.3|0.3
270632|惠家有|0.4|0.6|0|0.1|0.3|0.3|0.3
270633|惠品折|0.4|0.6|0|0.1|0.3|0.3|0.3
270634|好乐买|0.4|0.6|0|0.1|0.3|0.3|0.3
270635|酒运达|0.4|0.6|0|0.1|0.3|0.3|0.3
270636|卷皮|0.4|0.6|0|0.1|0.3|0.3|0.3
270637|快超|0.4|0.6|0|0.1|0.3|0.3|0.3
200638|快美妆|0.1|0.9|0|0.2|0.3|0.2|0.3
270640|海澜之家|0.4|0.6|0|0.1|0.3|0.3|0.3
270641|乐马生活|0.4|0.6|0|0.1|0.3|0.3|0.3
270642|礼物说|0.4|0.6|0|0.1|0.3|0.3|0.3
270643|猎趣|0.4|0.6|0|0.1|0.3|0.3|0.3
270644|溜达街|0.4|0.6|0|0.1|0.3|0.3|0.3
320646|搜狐汽车|0.7|0.3|0|0.2|0.3|0.2|0.3
320647|买车达人|0.7|0.3|0|0.2|0.3|0.2|0.3
270648|麦包包|0.4|0.6|0|0.1|0.3|0.3|0.3
270649|麦乐购|0.4|0.6|0|0.1|0.3|0.3|0.3
270650|卖客疯|0.4|0.6|0|0.1|0.3|0.3|0.3
230651|卖座电影|0.001|0.001|0.001|0.002|0.002|0.002|0.003
270652|么么嗖|0.4|0.6|0|0.1|0.3|0.3|0.3
240655|美丽加|0.1|0.9|0|0.2|0.3|0.2|0.3
270656|美美箱|0.4|0.6|0|0.1|0.3|0.3|0.3
270657|春水堂|0.4|0.6|0|0.1|0.3|0.3|0.3
190658|天天基金网|0.7|0.3|0|0.2|0.3|0.2|0.3
190659|小金理财|0.7|0.3|0|0.2|0.3|0.2|0.3
190660|PP万惠理财|0.001|0.001|0|0.2|0.3|0.2|0.3
190661|涨乐财富通|0.7|0.3|0|0.2|0.3|0.2|0.3
180662|财经头条|0.7|0.3|0|0.2|0.3|0.2|0.3
190663|牛股王股票|0.7|0.3|0|0.2|0.3|0.2|0.3
190664|模拟炒股|0.7|0.3|0|0.2|0.3|0.2|0.3
190665|盈盈理财|0.001|0.001|0|0.2|0.3|0.2|0.3
190666|铜板街理财|0.001|0.001|0|0.2|0.3|0.2|0.3
190667|东方价值线|0.7|0.3|0|0.2|0.3|0.2|0.3
190668|钱来网|0.001|0.001|0|0.2|0.3|0.2|0.3
180669|第一财经|0.7|0.3|0|0.2|0.3|0.2|0.3
330670|我爱卡|0.001|0.001|0|0.2|0.3|0.2|0.3
180671|云财经|0.7|0.3|0|0.2|0.3|0.2|0.3
190672|大圆银泰|0.001|0.001|0|0.2|0.3|0.2|0.3
180673|创富锦囊|0.7|0.3|0|0.2|0.3|0.2|0.3
190674|掌上基金|0.7|0.3|0|0.2|0.3|0.2|0.3
190675|卡牛信用卡管家|0.001|0.001|0|0.2|0.3|0.2|0.3
190676|理财魔方|0.001|0.001|0|0.2|0.3|0.2|0.3
190677|你我贷|0.001|0.001|0|0.2|0.3|0.2|0.3
190678|玖富理财|0.001|0.001|0|0.2|0.3|0.2|0.3
190679|指旺理财|0.001|0.001|0|0.2|0.3|0.2|0.3
190680|安投宝|0.001|0.001|0|0.2|0.3|0.2|0.3
190681|向上理财|0.001|0.001|0|0.2|0.3|0.2|0.3
190682|钱大掌柜|0.7|0.3|0|0.2|0.3|0.2|0.3
180683|华股财经|0.7|0.3|0|0.2|0.3|0.2|0.3
20684|看商界|0.001|0.001|0.1|0.3|0.3|0.2|0.1
180685|指南针|0.7|0.3|0|0.2|0.3|0.2|0.3
180686|拍拍贷借款|0.001|0.001|0|0.2|0.3|0.2|0.3
180687|360问股|0.7|0.3|0|0.2|0.3|0.2|0.3
180688|自选股|0.7|0.3|0|0.2|0.3|0.2|0.3
270689|返还购|0.4|0.6|0|0.1|0.3|0.3|0.3
270690|91返还网|0.4|0.6|0|0.1|0.3|0.3|0.3
270691|魅淘|0.4|0.6|0|0.1|0.3|0.3|0.3
270692|萌店|0.4|0.6|0|0.1|0.3|0.3|0.3
270693|蜜芽宝贝|0.4|0.6|0|0.1|0.3|0.3|0.3
270694|民生百货|0.4|0.6|0|0.1|0.3|0.3|0.3
270695|母婴之家|0.4|0.6|0|0.1|0.3|0.3|0.3
270696|佳沃市集|0.4|0.6|0|0.1|0.3|0.3|0.3
270697|女装搭配|0.4|0.6|0|0.1|0.3|0.3|0.3
270698|欧美淘|0.4|0.6|0|0.1|0.3|0.3|0.3
270699|拍我吖|0.4|0.6|0|0.1|0.3|0.3|0.3
270700|批发佬|0.4|0.6|0|0.1|0.3|0.3|0.3
320701|汽车报价-汽车之家出品|0.7|0.3|0|0.2|0.3|0.2|0.3
270702|前店后厂|0.4|0.6|0|0.1|0.3|0.3|0.3
270703|亲亲宝贝|0.4|0.6|0|0.1|0.3|0.3|0.3
100704|趣吧|0.7|0.3|0.1|0.3|0.3|0.2|0.1
270705|轻工商城|0.4|0.6|0|0.1|0.3|0.3|0.3
270706|全球购|0.4|0.6|0|0.1|0.3|0.3|0.3
270707|尚品网|0.4|0.6|0|0.1|0.3|0.3|0.3
270708|什么值得买|0.4|0.6|0|0.1|0.3|0.3|0.3
270709|爱金花|0.4|0.6|0|0.1|0.3|0.3|0.3
270710|返利9块9|0.4|0.6|0|0.1|0.3|0.3|0.3
270711|识货|0.4|0.6|0|0.1|0.3|0.3|0.3
270712|手表之家|0.4|0.6|0|0.1|0.3|0.3|0.3
340713|火爆兽药饲料网|0.7|0.3|0|0.2|0.3|0.2|0.3
340714|熟店宝|0.7|0.3|0|0.2|0.3|0.2|0.3
200715|顺丰优选|0.001|0.001|0.001|0.002|0.002|0.002|0.003
270716|寺库奢侈品|0.4|0.6|0|0.1|0.3|0.3|0.3
270717|淘北海|0.4|0.6|0|0.1|0.3|0.3|0.3
270719|淘在路上|0.4|0.6|0|0.1|0.3|0.3|0.3
270720|淘最上海|0.4|0.6|0|0.1|0.3|0.3|0.3
340721|天才设计|0.7|0.3|0|0.2|0.3|0.2|0.3
270722|中兴微品|0.4|0.6|0|0.1|0.3|0.3|0.3
270723|天极数码|0.4|0.6|0|0.1|0.3|0.3|0.3
270724|天天U惠|0.4|0.6|0|0.1|0.3|0.3|0.3
270725|天天果园|0.4|0.6|0|0.1|0.3|0.3|0.3
270726|团购大全|0.4|0.6|0|0.1|0.3|0.3|0.3
270727|沱沱工社|0.4|0.6|0|0.1|0.3|0.3|0.3
270728|万表|0.4|0.6|0|0.1|0.3|0.3|0.3
270729|1折包邮|0.4|0.6|0|0.1|0.3|0.3|0.3
270730|3+6您身边的超市|0.4|0.6|0|0.1|0.3|0.3|0.3
270731|55闪淘|0.4|0.6|0|0.1|0.3|0.3|0.3
270732|59store|0.4|0.6|0|0.1|0.3|0.3|0.3
230733|753本地团|0.4|0.6|0|0.1|0.3|0.3|0.3
270734|81PLAZA|0.4|0.6|0|0.1|0.3|0.3|0.3
270735|99分期|0.4|0.6|0|0.1|0.3|0.3|0.3
270736|Etsy|0.4|0.6|0|0.1|0.3|0.3|0.3
270737|我是妈咪|0.4|0.6|0|0.1|0.3|0.3|0.3
270738|五洲会海购|0.4|0.6|0|0.1|0.3|0.3|0.3
270739|小儿团|0.4|0.6|0|0.1|0.3|0.3|0.3
10740|想去|0.001|0.001|0|0.2|0.3|0.2|0.3
270741|小荷特卖|0.4|0.6|0|0.1|0.3|0.3|0.3
230742|新田团|0.4|0.6|0|0.1|0.3|0.3|0.3
340743|道有道|0.7|0.3|0|0.2|0.3|0.2|0.3
50744|星愿汇|0.8|0.2|0.001|0.002|0.002|0.002|0.003
180745|股票雷达|0.7|0.3|0|0.2|0.3|0.2|0.3
190746|招商智远|0.7|0.3|0|0.2|0.3|0.2|0.3
190747|招商证券|0.7|0.3|0|0.2|0.3|0.2|0.3
190748|广发证券|0.7|0.3|0|0.2|0.3|0.2|0.3
190749|中信证券|0.7|0.3|0|0.2|0.3|0.2|0.3
190750|海通证券|0.7|0.3|0|0.2|0.3|0.2|0.3
190751|国信证券|0.7|0.3|0|0.2|0.3|0.2|0.3
190752|平安证券|0.7|0.3|0|0.2|0.3|0.2|0.3
190753|申万宏源|0.7|0.3|0|0.2|0.3|0.2|0.3
270754|雅娜购|0.4|0.6|0|0.1|0.3|0.3|0.3
270755|也买酒|0.4|0.6|0|0.1|0.3|0.3|0.3
200756|一起动|0.001|0.001|0.001|0.002|0.002|0.002|0.003
270757|一折特卖|0.4|0.6|0|0.1|0.3|0.3|0.3
270758|优物|0.4|0.6|0|0.1|0.3|0.3|0.3
270759|易购网|0.4|0.6|0|0.1|0.3|0.3|0.3
270760|义乌购|0.4|0.6|0|0.1|0.3|0.3|0.3
320761|掌上买车|0.7|0.3|0|0.2|0.3|0.2|0.3
270762|云购全球|0.4|0.6|0|0.1|0.3|0.3|0.3
270763|优购商城|0.4|0.6|0|0.1|0.3|0.3|0.3
270764|云猴全球购|0.4|0.6|0|0.1|0.3|0.3|0.3
270765|易迅网|0.4|0.6|0|0.1|0.3|0.3|0.3
270766|正品折扣|0.4|0.6|0|0.1|0.3|0.3|0.3
270767|喆喆兔|0.4|0.6|0|0.1|0.3|0.3|0.3
150768|臻致珠宝|0.001|0.001|0.001|0.001|0.001|0.001|0.001
200769|微铺|0.001|0.001|0.001|0.002|0.002|0.002|0.003
270770|盛凯元养生商城|0.4|0.6|0|0.1|0.3|0.3|0.3
270771|洋码头|0.4|0.6|0|0.1|0.3|0.3|0.3
270772|小红书|0.4|0.6|0|0.1|0.3|0.3|0.3
270773|我趣购物|0.4|0.6|0|0.1|0.3|0.3|0.3
270774|返利网|0.4|0.6|0|0.1|0.3|0.3|0.3
270775|分红微店|0.4|0.6|0|0.1|0.3|0.3|0.3
270776|飞牛网|0.4|0.6|0|0.1|0.3|0.3|0.3
270777|爱淘|0.4|0.6|0|0.1|0.3|0.3|0.3
270778|拍拍小店|0.4|0.6|0|0.1|0.3|0.3|0.3
270779|购嗨嗨|0.4|0.6|0|0.1|0.3|0.3|0.3
270780|购推荐返利|0.4|0.6|0|0.1|0.3|0.3|0.3
270781|海豹村|0.4|0.6|0|0.1|0.3|0.3|0.3
270782|义乌商城|0.4|0.6|0|0.1|0.3|0.3|0.3
270783|性多多|0.4|0.6|0|0.1|0.3|0.3|0.3
270784|丫丫趣购|0.4|0.6|0|0.1|0.3|0.3|0.3
340785|艾德思奇广告联盟|0.7|0.3|0|0.2|0.3|0.2|0.3
340786|DoubleClick广告|0.7|0.3|0|0.2|0.3|0.2|0.3
340787|Google Analytics|0.7|0.3|0|0.6|0.3|0.05|0.05
340788|友盟分析|0.7|0.3|0|0.6|0.3|0.05|0.05
340789|安沃广告|0.4|0.6|0|0.1|0.3|0.3|0.3
340790|道有道广告|0.4|0.6|0|0.1|0.3|0.3|0.3
340791|易积分广告|0.4|0.6|0|0.1|0.3|0.3|0.3
340792|V告广告|0.4|0.6|0|0.1|0.3|0.3|0.3
340793|InMobi广告|0.001|0.001|0.001|0.002|0.002|0.002|0.003
340794|易传媒广告|0.001|0.001|0.001|0.002|0.002|0.002|0.003
340795|有米广告|0.001|0.001|0.001|0.002|0.002|0.002|0.003
340796|万普世纪广告|0.001|0.001|0.001|0.002|0.002|0.002|0.003
340797|盒子广告|0.1|0.9|0|0.2|0.3|0.2|0.3
340798|触控广告|0.001|0.001|0.001|0.001|0.001|0.001|0.001
340799|GPS定位信息|0.001|0.001|0.001|0.001|0.001|0.001|0.001
200800|Windows更新|0.001|0.001|0.001|0.002|0.002|0.002|0.003
340801|步步高手机固件更新|0.001|0.001|0.001|0.001|0.001|0.001|0.001
340802|HTC手机固件更新|0.001|0.001|0.001|0.001|0.001|0.001|0.001
340803|TalkingData|0.001|0.001|0.001|0.001|0.001|0.001|0.001
300804|安飞士租车|0.7|0.3|0|0.6|0.3|0.05|0.05
300805|瑞卡租车|0.7|0.3|0|0.6|0.3|0.05|0.05
300806|租租车|0.7|0.3|0|0.6|0.3|0.05|0.05
300807|天天用车|0.001|0.001|0|0.1|0.3|0.3|0.3
300808|友友租车|0.7|0.3|0|0.6|0.3|0.05|0.05
300809|至尊用车|0.7|0.3|0|0.6|0.3|0.05|0.05
300810|掌上租车|0.7|0.3|0|0.6|0.3|0.05|0.05
300811|赫兹租车|0.7|0.3|0|0.6|0.3|0.05|0.05
340812|CNZZ统计|0.001|0.001|0.001|0.001|0.001|0.001|0.001
300813|凹凸租车|0.7|0.3|0|0.6|0.3|0.05|0.05
300814|宝驾租车|0.7|0.3|0|0.6|0.3|0.05|0.05
200815|黄历天气|0.001|0.001|0.001|0.002|0.002|0.002|0.003
200816|酷划|0.001|0.001|0.001|0.002|0.002|0.002|0.003
340817|AdView|0.001|0.001|0.001|0.001|0.001|0.001|0.001
340818|Runtastic|0.001|0.001|0.001|0.001|0.001|0.001|0.001
340819|Endomondo|0.001|0.001|0.001|0.001|0.001|0.001|0.001
200820|悦跑圈|0.001|0.001|0.001|0.002|0.002|0.002|0.003
200821|Nike+Running|0.001|0.001|0.001|0.002|0.002|0.002|0.003
340822|JPush|0.001|0.001|0.001|0.001|0.001|0.001|0.001
200823|快牙|0.001|0.001|0.001|0.002|0.002|0.002|0.003
200824|WiFi连网神器|0.001|0.001|0.001|0.002|0.002|0.002|0.003
200825|WiFi伴侣|0.001|0.001|0.001|0.002|0.002|0.002|0.003
300826|一号专车|0.001|0.001|0|0.1|0.3|0.3|0.3
200827|360WiFi|0.001|0.001|0.001|0.002|0.002|0.002|0.003
270828|优衣库|0.4|0.6|0|0.1|0.3|0.3|0.3
270829|网购潮|0.4|0.6|0|0.1|0.3|0.3|0.3
270830|考拉海购|0.4|0.6|0|0.1|0.3|0.3|0.3
270831|微性|0.4|0.6|0|0.1|0.3|0.3|0.3
200833|百度翻译|0.001|0.001|0.001|0.002|0.002|0.002|0.003
200834|HTC天气预报|0.001|0.001|0.001|0.002|0.002|0.002|0.003
200835|苹果天气预报|0.001|0.001|0.001|0.002|0.002|0.002|0.003
200836|华为天气|0.001|0.001|0.001|0.002|0.002|0.002|0.003
200837|OPPO天气|0.001|0.001|0.001|0.002|0.002|0.002|0.003
200838|中国天气|0.001|0.001|0.001|0.002|0.002|0.002|0.003
200839|和天气|0.001|0.001|0.001|0.002|0.002|0.002|0.003
200840|知趣天气|0.001|0.001|0.001|0.002|0.002|0.002|0.003
200841|雅虎天气|0.001|0.001|0.001|0.002|0.002|0.002|0.003
200842|搜狗输入法|0.001|0.001|0.001|0.002|0.002|0.002|0.003
200843|百度输入法|0.001|0.001|0.001|0.002|0.002|0.002|0.003
200844|讯飞输入法|0.001|0.001|0.001|0.002|0.002|0.002|0.003
210845|彩云|0.001|0.001|0|0.2|0.3|0.2|0.3
210846|微云|0.001|0.001|0|0.2|0.3|0.2|0.3
210847|百度网盘|0.001|0.001|0|0.2|0.3|0.2|0.3
210848|金山快盘|0.001|0.001|0|0.2|0.3|0.2|0.3
210849|华为网盘|0.001|0.001|0|0.2|0.3|0.2|0.3
200850|快拍二维码|0.001|0.001|0.001|0.002|0.002|0.002|0.003
200851|名片全能王|0.001|0.001|0.001|0.002|0.002|0.002|0.003
200852|扫描全能王|0.001|0.001|0.001|0.002|0.002|0.002|0.003
200853|美图秀秀|0.3|0.7|0.001|0.002|0.002|0.002|0.003
200854|相机360|0.3|0.7|0.001|0.002|0.002|0.002|0.003
200855|POCO相机|0.3|0.7|0.001|0.002|0.002|0.002|0.003
300856|滴滴出行|0.001|0.001|0|0.1|0.3|0.3|0.3
300857|Uber|0.001|0.001|0|0.1|0.3|0.3|0.3
300858|AA租车|0.001|0.001|0|0.1|0.3|0.3|0.3
200859|印象笔记|0.001|0.001|0.001|0.002|0.002|0.002|0.003
200860|万年历|0.001|0.001|0.001|0.002|0.002|0.002|0.003
200861|中华万年历|0.001|0.001|0.001|0.002|0.002|0.002|0.003
200862|正点日历|0.001|0.001|0.001|0.002|0.002|0.002|0.003
250863|航班管家|0.001|0.001|0|0.1|0.3|0.3|0.3
200864|极品时刻表|0.001|0.001|0.001|0.002|0.002|0.002|0.003
200865|猜火车|0.001|0.001|0.001|0.002|0.002|0.002|0.003
300866|无线城市掌上公交|0.001|0.001|0|0.1|0.3|0.3|0.3
300867|熊猫公交|0.001|0.001|0|0.1|0.3|0.3|0.3
300868|爱帮公交|0.001|0.001|0|0.1|0.3|0.3|0.3
200869|安兔兔评测|0.001|0.001|0.001|0.002|0.002|0.002|0.003
200870|Speedtest|0.001|0.001|0.001|0.002|0.002|0.002|0.003
200871|乐动力|0.001|0.001|0.001|0.002|0.002|0.002|0.003
200872|咕咚运动|0.6|0.4|0.001|0.002|0.002|0.002|0.003
200873|360安全快递|0.001|0.001|0.001|0.002|0.002|0.002|0.003
150874|Flyme|0.001|0.001|0.001|0.001|0.001|0.001|0.001
340875|威瑞信|0.001|0.001|0.001|0.001|0.001|0.001|0.001
340876|百度移动广告联盟|0.001|0.001|0.001|0.001|0.001|0.001|0.001
340877|Flurry|0.001|0.001|0.001|0.001|0.001|0.001|0.001
340878|多萌广告|0.001|0.001|0.001|0.001|0.001|0.001|0.001
250879|中国国航|0.001|0.001|0|0.1|0.3|0.3|0.3
250880|东航移动E|0.001|0.001|0|0.1|0.3|0.3|0.3
250881|南方航空|0.001|0.001|0|0.1|0.3|0.3|0.3
250882|海南航空|0.001|0.001|0|0.1|0.3|0.3|0.3
250883|深圳航空|0.001|0.001|0|0.1|0.3|0.3|0.3
250884|厦门航空|0.001|0.001|0|0.1|0.3|0.3|0.3
250885|四川航空|0.001|0.001|0|0.1|0.3|0.3|0.3
250886|山东航空|0.001|0.001|0|0.1|0.3|0.3|0.3
250887|春秋航空|0.001|0.001|0|0.1|0.3|0.3|0.3
250888|腾讯课堂|0.001|0.001|0.001|0.002|0.002|0.002|0.003
200889|拓词|0.001|0.001|0.001|0.002|0.002|0.002|0.003
310890|作业神器|0.001|0.001|0.001|0.002|0.002|0.002|0.003
310891|多邻国|0.3|0.7|0|0.2|0.3|0.2|0.3
310892|百度传课|0.001|0.001|0.001|0.002|0.002|0.002|0.003
310893|学习宝|0.001|0.001|0.001|0.002|0.002|0.002|0.003
10894|超级课程表|0.001|0.001|0|0.2|0.3|0.2|0.3
290895|微医|0.4|0.6|0|0.1|0.3|0.3|0.3
290896|快速问医生|0.4|0.6|0|0.1|0.3|0.3|0.3
230897|百度外卖|0.4|0.6|0|0.1|0.3|0.3|0.3
230898|美团外卖|0.4|0.6|0|0.1|0.3|0.3|0.3
270899|淘点点|0.4|0.6|0|0.1|0.3|0.3|0.3
250900|周末去哪儿|0.001|0.001|0|0.1|0.3|0.3|0.3
270901|贝贝网|0.4|0.6|0|0.1|0.3|0.3|0.3
80902|完美世界网|0.8|0.2|0.1|0.3|0.3|0.2|0.1
190903|手机商界|0.8|0.2|0|0.2|0.3|0.2|0.3
190904|同花顺|0.7|0.3|0|0.2|0.3|0.2|0.3
190905|大智慧|0.7|0.3|0|0.2|0.3|0.2|0.3
190906|益盟操盘手|0.7|0.3|0|0.2|0.3|0.2|0.3
180907|文华财经|0.7|0.3|0|0.2|0.3|0.2|0.3
190908|百度理财|0.001|0.001|0|0.2|0.3|0.2|0.3
170909|360手机卫士|0.001|0.001|0.001|0.002|0.002|0.002|0.003
170910|百度手机卫士|0.001|0.001|0.001|0.002|0.002|0.002|0.003
170911|金山毒霸|0.001|0.001|0.001|0.002|0.002|0.002|0.003
170912|安全管家|0.001|0.001|0.001|0.002|0.002|0.002|0.003
200913|号簿管家|0.001|0.001|0.001|0.002|0.002|0.002|0.003
180914|快讯(DCD)|0.8|0.2|0|0.2|0.3|0.2|0.3
180915|农信百事通|0.8|0.2|0|0.2|0.3|0.2|0.3
200916|条码识别|0.001|0.001|0.001|0.002|0.002|0.002|0.003
290917|手机医疗|0.4|0.6|0|0.1|0.3|0.3|0.3
80918|手机网游|0.8|0.2|0.1|0.3|0.3|0.2|0.1
240919|移动掌上营业厅|0.4|0.6|0|0.1|0.3|0.3|0.3
340920|widget平台|0.001|0.001|0.001|0.001|0.001|0.001|0.001
50921|手机电视MBBMS|0.001|0.001|0|0.2|0.3|0.2|0.3
340922|广东亲情通|0.001|0.001|0.001|0.001|0.001|0.001|0.001
240923|宜居通|0.4|0.6|0|0.1|0.3|0.3|0.3
240924|农信通|0.8|0.2|0|0.2|0.3|0.2|0.3
200925|墨迹天气|0.001|0.001|0.001|0.002|0.002|0.002|0.003
180926|新浪体育|0.8|0.2|0|0.2|0.3|0.2|0.3
200928|臭美发型|0.001|0.001|0.001|0.002|0.002|0.002|0.003
310929|问他作业|0.001|0.001|0.001|0.002|0.002|0.002|0.003
280932|缘来网|0.001|0.001|0|0.2|0.3|0.2|0.3
180933|360新闻|0.8|0.2|0|0.2|0.3|0.2|0.3
200935|美咖相机|0.3|0.7|0.001|0.002|0.002|0.002|0.003
200936|酷狗铃声|0.001|0.001|0.001|0.002|0.002|0.002|0.003
200937|省钱助手|0.001|0.001|0.001|0.002|0.002|0.002|0.003
200938|安卓动态壁纸|0.001|0.001|0.001|0.002|0.002|0.002|0.003
180939|财经杂志|0.001|0.001|0.001|0.002|0.002|0.002|0.003
240940|美食天下|0.4|0.6|0|0.1|0.3|0.3|0.3
240941|网上厨房|0.4|0.6|0|0.1|0.3|0.3|0.3
240942|水木|0.001|0.001|0|0.2|0.3|0.2|0.3
250943|猫头鹰|0.001|0.001|0|0.1|0.3|0.3|0.3
250944|Agoda|0.001|0.001|0|0.1|0.3|0.3|0.3
270945|华为商城|0.4|0.6|0|0.1|0.3|0.3|0.3
310946|英语流利说|0.3|0.7|0|0.2|0.3|0.2|0.3
320947|搜车网|0.7|0.3|0|0.2|0.3|0.2|0.3
340948|苹果固件更新|0.001|0.001|0.001|0.001|0.001|0.001|0.001
340949|腾讯软件下载更新|0.001|0.001|0.001|0.001|0.001|0.001|0.001
180950|和冲浪|0.8|0.2|0|0.2|0.3|0.2|0.3
80951|谷果游戏|0.8|0.2|0.1|0.3|0.3|0.2|0.1
10952|无秘|0.001|0.001|0|0.2|0.3|0.2|0.3
80953|3366小游戏|0.8|0.2|0.1|0.3|0.3|0.2|0.1
370954|雷电手机搜索|0.001|0.001|0.001|0.002|0.002|0.002|0.003
370955|神马搜索|0.001|0.001|0.001|0.002|0.002|0.002|0.003
10956|遇见|0.001|0.001|0|0.2|0.3|0.2|0.3
50957|BLUED|0.001|0.001|0|0.2|0.3|0.2|0.3
210958|又拍|0.001|0.001|0|0.2|0.3|0.2|0.3
240959|堆糖|0.4|0.6|0|0.1|0.3|0.3|0.3
270960|ELLE|0.4|0.6|0|0.1|0.3|0.3|0.3
150961|雅昌艺术网|0.001|0.001|0.001|0.001|0.001|0.001|0.001
340962|网易彩票|0.001|0.001|0.001|0.001|0.001|0.001|0.001
300963|PP租车|0.7|0.3|0|0.6|0.3|0.05|0.05
150964|花瓣网|0.001|0.001|0.001|0.001|0.001|0.001|0.001
370965|360搜索|0.001|0.001|0.001|0.002|0.002|0.002|0.003
270966|拍鞋网|0.4|0.6|0|0.1|0.3|0.3|0.3
270967|酒仙网|0.4|0.6|0|0.1|0.3|0.3|0.3
10968|LOFTER|0.001|0.001|0|0.2|0.3|0.2|0.3
180969|时光网|0.8|0.2|0|0.2|0.3|0.2|0.3
240970|格瓦拉电影|0.001|0.001|0.001|0.002|0.002|0.002|0.003
240971|万达电影网|0.001|0.001|0.001|0.002|0.002|0.002|0.003
250972|穷游网|0.001|0.001|0|0.1|0.3|0.3|0.3
270973|网购网|0.4|0.6|0|0.1|0.3|0.3|0.3
270974|小米商城|0.4|0.6|0|0.1|0.3|0.3|0.3
10975|有缘|0.001|0.001|0|0.2|0.3|0.2|0.3
270976|口袋购物|0.4|0.6|0|0.1|0.3|0.3|0.3
250977|面包旅行|0.001|0.001|0|0.1|0.3|0.3|0.3
240978|口袋乐居|0.4|0.6|0|0.1|0.3|0.3|0.3
240979|搜狐购房助手|0.7|0.3|0|0|0.2|0.2|0.6
300980|神舟租车|0.7|0.3|0|0.6|0.3|0.05|0.05
300981|一嗨租车|0.7|0.3|0|0.6|0.3|0.05|0.05
300982|易到用车|0.001|0.001|0|0.1|0.3|0.3|0.3
340983|QQ彩票|0.001|0.001|0.001|0.001|0.001|0.001|0.001
50985|风云直播|0.8|0.2|0.001|0.002|0.002|0.002|0.003
330986|百思不得姐|0.001|0.001|0|0.2|0.3|0.2|0.3
200987|航旅纵横|0.001|0.001|0.001|0.002|0.002|0.002|0.003
200988|肯德基宅急送|0.001|0.001|0.001|0.002|0.002|0.002|0.003
200989|布丁优惠券|0.4|0.6|0|0.1|0.3|0.3|0.3
200990|麦当劳麦乐送|0.001|0.001|0.001|0.002|0.002|0.002|0.003
10992|节操精选|0.001|0.001|0|0.2|0.3|0.2|0.3
20993|冷笑话精选|0.001|0.001|0.1|0.3|0.3|0.2|0.1
20994|捧腹笑话|0.001|0.001|0.1|0.3|0.3|0.2|0.1
270995|折800|0.4|0.6|0|0.1|0.3|0.3|0.3
270996|米折|0.4|0.6|0|0.1|0.3|0.3|0.3
200997|丁丁优惠|0.001|0.001|0.001|0.002|0.002|0.002|0.003
150998|必胜客|0.001|0.001|0.001|0.001|0.001|0.001|0.001
200999|课程格子|0.001|0.001|0.001|0.002|0.002|0.002|0.003
311000|掌中英语|0.3|0.7|0|0.2|0.3|0.2|0.3
41001|车托帮|0.7|0.3|0|0.6|0.3|0.05|0.05
201002|金山词霸|0.001|0.001|0.001|0.002|0.002|0.002|0.003
341003|百度乐彩|0.001|0.001|0.001|0.001|0.001|0.001|0.001
341004|新浪彩票|0.001|0.001|0.001|0.001|0.001|0.001|0.001
71005|当乐游戏中心|0.001|0.001|0.001|0.002|0.002|0.002|0.003
71006|嘻游游戏中心|0.001|0.001|0.001|0.002|0.002|0.002|0.003
331007|米柚|0.001|0.001|0|0.2|0.3|0.2|0.3
21008|百度文库|0.001|0.001|0.1|0.3|0.3|0.2|0.1
21009|豆丁书房|0.001|0.001|0.1|0.3|0.3|0.2|0.1
81010|九游|0.8|0.2|0.1|0.3|0.3|0.2|0.1
241011|百姓网|0.001|0.001|0.001|0.002|0.002|0.002|0.003
231012|饿了么|0.4|0.6|0|0.1|0.3|0.3|0.3
201013|果壳精选|0.001|0.001|0.001|0.002|0.002|0.002|0.003
201014|维基百科|0.001|0.001|0.001|0.002|0.002|0.002|0.003
181015|南都网|0.8|0.2|0|0.2|0.3|0.2|0.3
11016|雪球|0.001|0.001|0|0.2|0.3|0.2|0.3
181017|iWeekly周末画报|0.001|0.001|0.001|0.002|0.002|0.002|0.003
21018|三联生活周刊|0.001|0.001|0.1|0.3|0.3|0.2|0.1
181019|环球时报|0.8|0.2|0|0.2|0.3|0.2|0.3
251020|锦江之星|0.001|0.001|0|0.1|0.3|0.3|0.3
251021|掌上如家|0.001|0.001|0|0.1|0.3|0.3|0.3
251022|华住酒店|0.001|0.001|0|0.1|0.3|0.3|0.3
251023|格林豪泰|0.001|0.001|0|0.1|0.3|0.3|0.3
241024|美食杰|0.4|0.6|0|0.1|0.3|0.3|0.3
21025|彭博商业周刊|0.001|0.001|0.1|0.3|0.3|0.2|0.1
281026|花田|0.001|0.001|0|0.2|0.3|0.2|0.3
201027|我要当学霸|0.001|0.001|0.001|0.002|0.002|0.002|0.003
181028|新京报|0.8|0.2|0|0.2|0.3|0.2|0.3
181029|中国新闻网|0.8|0.2|0|0.2|0.3|0.2|0.3
181030|央视新闻|0.8|0.2|0|0.2|0.3|0.2|0.3
311031|沪江|0.3|0.7|0|0.2|0.3|0.2|0.3
181032|ChinaDaily|0.8|0.2|0|0.2|0.3|0.2|0.3
271033|中粮我买网|0.4|0.6|0|0.1|0.3|0.3|0.3
201034|蝉游记|0.001|0.001|0.001|0.002|0.002|0.002|0.003
291035|春雨医生|0.4|0.6|0|0.1|0.3|0.3|0.3
291036|掌上药店|0.4|0.6|0|0.1|0.3|0.3|0.3
291037|寻医问药|0.4|0.6|0|0.1|0.3|0.3|0.3
201038|百度知道|0.001|0.001|0.001|0.002|0.002|0.002|0.003
201039|百度百科|0.001|0.001|0.001|0.002|0.002|0.002|0.003
201040|酷音铃声|0.001|0.001|0.001|0.002|0.002|0.002|0.003
181041|百度新闻|0.8|0.2|0|0.2|0.3|0.2|0.3
201042|车友汇全国违章查询|0.7|0.3|0|0.2|0.3|0.2|0.3
321043|公平价二手车|0.7|0.3|0|0.2|0.3|0.2|0.3
321044|273二手车|0.7|0.3|0|0.2|0.3|0.2|0.3
321045|好车无忧|0.7|0.3|0|0.2|0.3|0.2|0.3
321046|小猪二手车|0.7|0.3|0|0.2|0.3|0.2|0.3
321047|途虎养车网|0.7|0.3|0|0.2|0.3|0.2|0.3
321048|一猫汽车|0.7|0.3|0|0.2|0.3|0.2|0.3
321049|车点点|0.7|0.3|0|0.2|0.3|0.2|0.3
321050|爱买车|0.7|0.3|0|0.2|0.3|0.2|0.3
321051|典典养车|0.7|0.3|0|0.2|0.3|0.2|0.3
321052|橙牛汽车管家|0.7|0.3|0|0.2|0.3|0.2|0.3
321053|汽车超人|0.7|0.3|0|0.2|0.3|0.2|0.3
321054|车主无忧|0.7|0.3|0|0.2|0.3|0.2|0.3
341055|最美发型|0.001|0.001|0.001|0.001|0.001|0.001|0.001
191056|借贷宝|0.001|0.001|0|0.2|0.3|0.2|0.3
201057|驾考宝典|0.9|0.1|0.1|0.3|0.3|0.2|0.1
271058|今日半价|0.4|0.6|0|0.1|0.3|0.3|0.3
271059|爱折扣|0.4|0.6|0|0.1|0.3|0.3|0.3
191060|51人品|0.001|0.001|0|0.2|0.3|0.2|0.3
221061|UC浏览器|0.001|0.001|0.001|0.002|0.002|0.002|0.003
191062|挖财|0.001|0.001|0|0.5|0.1|0.1|0.2
191063|51信用卡管家|0.001|0.001|0|0.2|0.3|0.2|0.3
191064|挖财钱管家|0.001|0.001|0|0.5|0.1|0.1|0.2
301065|车来了|0.001|0.001|0|0.1|0.3|0.3|0.3
341066|红包锁屏|0.001|0.001|0.001|0.001|0.001|0.001|0.001
241067|掌上生活|0.7|0.3|0|0.2|0.3|0.2|0.3
191068|银信宝理财管家|0.001|0.001|0|0.5|0.1|0.1|0.2
191069|小福记账|0.001|0.001|0|0.2|0.3|0.2|0.3
191070|Timi时光记账|0.001|0.001|0|0.2|0.3|0.2|0.3
241071|搜房帮|0.7|0.3|0|0|0.2|0.2|0.6
241072|房多多|0.7|0.3|0|0|0.2|0.2|0.6
241073|小猪短租|0.001|0.001|0.001|0.002|0.002|0.002|0.003
241074|蚂蚁短租|0.001|0.001|0.001|0.002|0.002|0.002|0.003
241075|365淘房|0.7|0.3|0|0|0.2|0.2|0.6
241076|租房帮|0.001|0.001|0.001|0.002|0.002|0.002|0.003
241077|房主儿租房|0.001|0.001|0.001|0.002|0.002|0.002|0.003
191078|口袋记账|0.001|0.001|0|0.2|0.3|0.2|0.3
241079|木鸟短租|0.001|0.001|0.001|0.002|0.002|0.002|0.003
191080|益盟操盘手经典版|0.7|0.3|0|0.2|0.3|0.2|0.3
191081|公牛炒股票|0.7|0.3|0|0.2|0.3|0.2|0.3
181082|和讯财经|0.8|0.2|0|0.2|0.3|0.2|0.3
91083|华为钱包|0.6|0.4|0|0.2|0.3|0.2|0.3
91084|银联钱包|0.6|0.4|0|0.2|0.3|0.2|0.3
91085|壹钱包|0.6|0.4|0|0.2|0.3|0.2|0.3
91086|顺手付钱包|0.6|0.4|0|0.2|0.3|0.2|0.3
191087|宜人贷借款|0.001|0.001|0|0.2|0.3|0.2|0.3
191088|人人贷|0.001|0.001|0|0.2|0.3|0.2|0.3
191089|爱钱进|0.001|0.001|0|0.2|0.3|0.2|0.3
191090|金融工场|0.001|0.001|0|0.2|0.3|0.2|0.3
191091|有利网理财|0.001|0.001|0|0.2|0.3|0.2|0.3
191092|易通贷|0.001|0.001|0|0.2|0.3|0.2|0.3
241093|发型屋|0.4|0.6|0|0.1|0.3|0.3|0.3
241097|美甲帮|0.1|0.9|0|0.2|0.3|0.2|0.3
241098|拼立得|0.3|0.7|0.001|0.002|0.002|0.002|0.003
201099|VSCO|0.001|0.001|0.001|0.002|0.002|0.002|0.003
201100|美图贴贴|0.3|0.7|0.001|0.002|0.002|0.002|0.003
201101|Pixlr|0.001|0.001|0.001|0.002|0.002|0.002|0.003
201102|水印相机|0.3|0.7|0.001|0.002|0.002|0.002|0.003
201103|魔漫相机|0.3|0.7|0.001|0.002|0.002|0.002|0.003
201104|Camera360|0.001|0.001|0.001|0.002|0.002|0.002|0.003
201105|全能相机|0.3|0.7|0.001|0.002|0.002|0.002|0.003
201106|美妆相机|0.3|0.7|0.001|0.002|0.002|0.002|0.003
201107|aillis相机|0.3|0.7|0.001|0.002|0.002|0.002|0.003
201108|画中画相机|0.3|0.7|0.001|0.002|0.002|0.002|0.003
201109|nice好赞|0.001|0.001|0.001|0.002|0.002|0.002|0.003
201110|织图|0.3|0.7|0.001|0.002|0.002|0.002|0.003
201111|图钉|0.001|0.001|0.001|0.002|0.002|0.002|0.003
201112|哈图交友|0.001|0.001|0.001|0.002|0.002|0.002|0.003
51113|Biu|0.001|0.001|0|0.2|0.3|0.2|0.3
11114|咔嚓|0.001|0.001|0|0.2|0.3|0.2|0.3
211115|IM云|0.001|0.001|0|0.2|0.3|0.2|0.3
191116|好贷宝|0.001|0.001|0|0.2|0.3|0.2|0.3
191117|挖财宝|0.001|0.001|0|0.5|0.1|0.1|0.2
91118|邮储银行|0.7|0.3|0|0.2|0.3|0.2|0.3
301119|e代驾|0.7|0.3|0|0.6|0.3|0.05|0.05
301120|爱代驾|0.7|0.3|0|0.6|0.3|0.05|0.05
301121|快快租车|0.7|0.3|0|0.6|0.3|0.05|0.05
321122|易车二手车|0.7|0.3|0|0.2|0.3|0.2|0.3
321123|车易拍|0.7|0.3|0|0.2|0.3|0.2|0.3
321124|二手车|0.7|0.3|0|0.2|0.3|0.2|0.3
321125|优信二手车|0.7|0.3|0|0.2|0.3|0.2|0.3
321126|瓜子二手车直卖网|0.7|0.3|0|0.2|0.3|0.2|0.3
321127|人人车二手车|0.7|0.3|0|0.2|0.3|0.2|0.3
171128|腾讯手机管家|0.001|0.001|0.001|0.002|0.002|0.002|0.003
61129|儿歌多多|0.001|0.001|0|0.2|0.3|0.2|0.3
221130|微米浏览器|0.001|0.001|0.001|0.002|0.002|0.002|0.003
201131|360超级ROOT|0.001|0.001|0.001|0.002|0.002|0.002|0.003
201132|全国违章查询|0.7|0.3|0|0.2|0.3|0.2|0.3
241133|赶集生活|0.001|0.001|0.001|0.002|0.002|0.002|0.003
271134|手机淘宝|0.4|0.6|0|0.1|0.3|0.3|0.3
221135|百度浏览器|0.001|0.001|0.001|0.002|0.002|0.002|0.003
171136|QQ安全中心|0.001|0.001|0.001|0.002|0.002|0.002|0.003
21137|爱阅读|0.001|0.001|0.1|0.3|0.3|0.2|0.1
181138|股市热点|0.7|0.3|0|0.2|0.3|0.2|0.3
91139|拉卡拉钱包|0.6|0.4|0|0.2|0.3|0.2|0.3
81140|PopStar消灭星星官方正版|0.4|0.6|0|0.2|0.3|0.2|0.3
81141|天天飞车-全民大奖赛|0.9|0.1|0.1|0.3|0.3|0.2|0.1
81142|捕鱼达人3（天天送金币）|0.4|0.6|0|0.2|0.3|0.2|0.3
271143|许鲜|0.4|0.6|0|0.1|0.3|0.3|0.3
271144|微店买家版|0.4|0.6|0|0.1|0.3|0.3|0.3
271145|随身购|0.4|0.6|0|0.1|0.3|0.3|0.3
71146|企业移动商店|0.001|0.001|0.001|0.002|0.002|0.002|0.003
271147|淘金子掌柜|0.4|0.6|0|0.1|0.3|0.3|0.3
271148|丰趣海淘|0.4|0.6|0|0.1|0.3|0.3|0.3
241149|格拉瓦@电影|0.001|0.001|0.001|0.002|0.002|0.002|0.003
201150|购物大厅|0.001|0.001|0.001|0.002|0.002|0.002|0.003
271151|逛商城|0.4|0.6|0|0.1|0.3|0.3|0.3
241152|有吃友玩|0.4|0.6|0|0.1|0.3|0.3|0.3
271153|物色|0.4|0.6|0|0.1|0.3|0.3|0.3
201154|2345天气|0.001|0.001|0.001|0.002|0.002|0.002|0.003
241155|小米生活|0.001|0.001|0.001|0.002|0.002|0.002|0.003
271156|校园易购|0.4|0.6|0|0.1|0.3|0.3|0.3
271157|91返还购|0.4|0.6|0|0.1|0.3|0.3|0.3
271158|淘打折|0.4|0.6|0|0.1|0.3|0.3|0.3
271159|天天特价|0.4|0.6|0|0.1|0.3|0.3|0.3
271160|外卖大咖|0.4|0.6|0|0.1|0.3|0.3|0.3
81161|车王之王|0.9|0.1|0.1|0.3|0.3|0.2|0.1
81162|冰雪爱消除|0.4|0.6|0|0.2|0.3|0.2|0.3
81163|开心糖果消消乐|0.4|0.6|0|0.2|0.3|0.2|0.3
201164|中国天气通|0.001|0.001|0.001|0.002|0.002|0.002|0.003
81165|头脑特工队泡泡乐|0.4|0.6|0|0.2|0.3|0.2|0.3
81166|欢乐斗牛|0.7|0.3|0|0.2|0.3|0.2|0.3
251167|艺龙旅行|0.001|0.001|0|0.1|0.3|0.3|0.3
221168|QQ浏览器|0.001|0.001|0.001|0.002|0.002|0.002|0.003
201169|猎豹清理大师|0.001|0.001|0.001|0.002|0.002|0.002|0.003
121170|PPTV聚力|0.001|0.001|0|0.2|0.3|0.2|0.3
241171|电信营业厅|0.4|0.6|0|0.1|0.3|0.3|0.3
131172|触宝电话|0.001|0.001|0|0.2|0.3|0.2|0.3
201173|灵犀语音助手|0.001|0.001|0.001|0.002|0.002|0.002|0.003
201174|鲁大师|0.001|0.001|0.001|0.002|0.002|0.002|0.003
201175|91桌面|0.001|0.001|0.001|0.002|0.002|0.002|0.003
51176|手机电视|0.001|0.001|0|0.2|0.3|0.2|0.3
201177|酷划锁屏|0.001|0.001|0.001|0.002|0.002|0.002|0.003
201178|Hola桌面|0.001|0.001|0.001|0.002|0.002|0.002|0.003
191179|平安易贷|0.001|0.001|0|0.2|0.3|0.2|0.3
271180|金拇指购|0.4|0.6|0|0.1|0.3|0.3|0.3
271181|精品购物|0.4|0.6|0|0.1|0.3|0.3|0.3
271182|精品街9块9|0.4|0.6|0|0.1|0.3|0.3|0.3
241183|肯德基优惠券|0.4|0.6|0|0.1|0.3|0.3|0.3
151184|乐蜂|0.4|0.6|0|0.1|0.3|0.3|0.3
151185|有范|0.001|0.001|0.001|0.001|0.001|0.001|0.001
151186|苹果官网|0.8|0.2|0|0.2|0.3|0.2|0.3
251187|12306|0.001|0.001|0|0.1|0.3|0.3|0.3
221188|15833导航网|0.7|0.3|0|0.6|0.3|0.05|0.05
271189|1元云购|0.4|0.6|0|0.1|0.3|0.3|0.3
171190|360安全卫士|0.001|0.001|0.001|0.002|0.002|0.002|0.003
171191|360安全中心|0.001|0.001|0.001|0.002|0.002|0.002|0.003
291192|360健康网|0.4|0.6|0|0.1|0.3|0.3|0.3
221193|360浏览器|0.001|0.001|0.001|0.002|0.002|0.002|0.003
201194|360免费WIFI|0.001|0.001|0.001|0.002|0.002|0.002|0.003
51195|360影视|0.001|0.001|0|0.2|0.3|0.2|0.3
201196|360游戏盒子|0.001|0.001|0.001|0.002|0.002|0.002|0.003
201197|365you|0.001|0.001|0.001|0.002|0.002|0.002|0.003
291198|39健康网|0.4|0.6|0|0.1|0.3|0.3|0.3
291199|39健康问医|0.4|0.6|0|0.1|0.3|0.3|0.3
341200|3G泡泡|0.001|0.001|0.001|0.001|0.001|0.001|0.001
241201|58速运|0.001|0.001|0.001|0.002|0.002|0.002|0.003
201202|70度|0.001|0.001|0.001|0.002|0.002|0.002|0.003
341203|A5创业网|0.001|0.001|0.001|0.001|0.001|0.001|0.001
61204|A8音乐|0.001|0.001|0|0.2|0.3|0.2|0.3
61205|A8音乐网|0.001|0.001|0|0.2|0.3|0.2|0.3
341206|AccuWeather API|0.001|0.001|0.001|0.001|0.001|0.001|0.001
341207|ACE|0.001|0.001|0.001|0.001|0.001|0.001|0.001
341208|blizzard|0.001|0.001|0.001|0.001|0.001|0.001|0.001
201209|CDN域名|0.001|0.001|0.001|0.002|0.002|0.002|0.003
211210|cloud7云门户平台|0.001|0.001|0|0.2|0.3|0.2|0.3
341211|comScore|0.001|0.001|0.001|0.001|0.001|0.001|0.001
341212|crasheye|0.001|0.001|0.001|0.001|0.001|0.001|0.001
341213|eastday|0.001|0.001|0.001|0.001|0.001|0.001|0.001
201214|gtimg网|0.001|0.001|0.001|0.002|0.002|0.002|0.003
81215|Hortor Game|0.4|0.6|0|0.2|0.3|0.2|0.3
341216|Hosted Tube|0.001|0.001|0.001|0.001|0.001|0.001|0.001
341217|Hrforce|0.001|0.001|0.001|0.001|0.001|0.001|0.001
311218|IT学习网|0.001|0.001|0.001|0.002|0.002|0.002|0.003
181219|IT之家|0.8|0.2|0|0.2|0.3|0.2|0.3
341220|JAE应用服务网站|0.001|0.001|0.001|0.001|0.001|0.001|0.001
81221|JJ比赛|0.7|0.3|0|0.2|0.3|0.2|0.3
131222|KC通信|0.001|0.001|0|0.2|0.3|0.2|0.3
81223|KTPLAY|0.001|0.001|0|0.2|0.3|0.2|0.3
211224|LeanCloud云服务|0.001|0.001|0|0.2|0.3|0.2|0.3
341225|minius.com|0.001|0.001|0.001|0.001|0.001|0.001|0.001
341226|MIWIFI|0.001|0.001|0.001|0.001|0.001|0.001|0.001
221227|opera浏览器|0.001|0.001|0.001|0.002|0.002|0.002|0.003
151228|OPPO官方网站|0.8|0.2|0|0.2|0.3|0.2|0.3
151229|oppo官网|0.8|0.2|0|0.2|0.3|0.2|0.3
271230|oppo手机|0.4|0.6|0|0.1|0.3|0.3|0.3
151231|oppo移动互联网|0.8|0.2|0|0.2|0.3|0.2|0.3
11232|PC版qq|0.001|0.001|0|0.2|0.3|0.2|0.3
11233|QQ互联|0.001|0.001|0|0.2|0.3|0.2|0.3
81234|QQ农场|0.4|0.6|0|0.2|0.3|0.2|0.3
271235|QQ网购|0.4|0.6|0|0.1|0.3|0.3|0.3
11236|QQ相册|0.001|0.001|0|0.2|0.3|0.2|0.3
11237|QQ相机|0.001|0.001|0|0.2|0.3|0.2|0.3
201238|qq应用商店|0.001|0.001|0.001|0.002|0.002|0.002|0.003
211239|qq云服务|0.001|0.001|0|0.2|0.3|0.2|0.3
11240|Qzone外站分享网|0.001|0.001|0|0.2|0.3|0.2|0.3
371241|soso网|0.001|0.001|0.001|0.002|0.002|0.002|0.003
201242|Tbimage 图片处理机|0.3|0.7|0.001|0.002|0.002|0.002|0.003
221243|UC|0.001|0.001|0.001|0.002|0.002|0.002|0.003
201244|UC游戏|0.001|0.001|0.001|0.002|0.002|0.002|0.003
341245|ULTRAIMG|0.001|0.001|0.001|0.001|0.001|0.001|0.001
341246|url网|0.001|0.001|0.001|0.001|0.001|0.001|0.001
151247|VIVO官网|0.001|0.001|0.001|0.002|0.002|0.002|0.003
241248|vivo天气|0.001|0.001|0.001|0.002|0.002|0.002|0.003
71249|vivo应用市场|0.001|0.001|0.001|0.002|0.002|0.002|0.003
151250|vivo智能手机官方网站|0.8|0.2|0|0.2|0.3|0.2|0.3
111251|WPS邮件|0.001|0.001|0|0.2|0.3|0.2|0.3
271252|阿里巴巴1688|0.4|0.6|0|0.1|0.3|0.3|0.3
171253|阿里钱盾|0.001|0.001|0.001|0.002|0.002|0.002|0.003
211254|阿里云|0.001|0.001|0|0.2|0.3|0.2|0.3
211255|阿里云服务器|0.001|0.001|0|0.2|0.3|0.2|0.3
341256|爱点击|0.001|0.001|0.001|0.001|0.001|0.001|0.001
201257|爱魔秀|0.001|0.001|0.001|0.002|0.002|0.002|0.003
71258|爱思助手|0.001|0.001|0.001|0.002|0.002|0.002|0.003
271259|爱图购|0.4|0.6|0|0.1|0.3|0.3|0.3
341260|爱微|0.001|0.001|0.001|0.001|0.001|0.001|0.001
291261|百草堂|0.4|0.6|0|0.1|0.3|0.3|0.3
371262|百度|0.001|0.001|0.001|0.002|0.002|0.002|0.003
371263|百度短网址|0.001|0.001|0.001|0.002|0.002|0.002|0.003
91264|百度钱包|0.6|0.4|0|0.2|0.3|0.2|0.3
341265|百度图吧|0.001|0.001|0.001|0.001|0.001|0.001|0.001
341266|百度图片|0.001|0.001|0.001|0.001|0.001|0.001|0.001
151267|百度网|0.8|0.2|0|0.2|0.3|0.2|0.3
371268|百度网页检索|0.001|0.001|0.001|0.002|0.002|0.002|0.003
81269|百度移动游戏|0.001|0.001|0.001|0.002|0.002|0.002|0.003
341270|百分点|0.001|0.001|0.001|0.001|0.001|0.001|0.001
21271|百书楼|0.001|0.001|0.1|0.3|0.3|0.2|0.1
11272|抱抱|0.001|0.001|0|0.2|0.3|0.2|0.3
181273|北青网|0.8|0.2|0|0.2|0.3|0.2|0.3
21274|笔趣库|0.001|0.001|0.1|0.3|0.3|0.2|0.1
371275|必应搜索|0.001|0.001|0.001|0.002|0.002|0.002|0.003
151276|别克官网|0.8|0.2|0|0.2|0.3|0.2|0.3
341277|擘纳|0.001|0.001|0.001|0.001|0.001|0.001|0.001
81278|藏宝阁|0.001|0.001|0.001|0.002|0.002|0.002|0.003
131279|畅聊|0.001|0.001|0|0.2|0.3|0.2|0.3
341280|畅言|0.001|0.001|0.001|0.001|0.001|0.001|0.001
81281|畅游|0.001|0.001|0.001|0.002|0.002|0.002|0.003
11282|超级QQ|0.001|0.001|0|0.2|0.3|0.2|0.3
151283|成人网站(黄色网站)|0.8|0.2|0|0.2|0.3|0.2|0.3
151284|黄色网站|0.8|0.2|0|0.2|0.3|0.2|0.3
51285|触手TV|0.8|0.2|0.001|0.002|0.002|0.002|0.003
81286|穿越火线|0.9|0.1|0.1|0.3|0.3|0.2|0.1
81287|传奇游戏|0.8|0.2|0.1|0.3|0.3|0.2|0.1
151288|锤子数码|0.8|0.2|0|0.2|0.3|0.2|0.3
201289|蛋蛋赚|0.001|0.001|0.001|0.002|0.002|0.002|0.003
251290|嘀嗒拼车|0.001|0.001|0|0.1|0.3|0.3|0.3
251291|滴滴打车|0.001|0.001|0|0.1|0.3|0.3|0.3
251292|滴滴顺风车|0.001|0.001|0|0.1|0.3|0.3|0.3
51293|电视猫|0.001|0.001|0|0.2|0.3|0.2|0.3
21294|顶点小说|0.001|0.001|0.1|0.3|0.3|0.2|0.1
241295|鼎间尚品|0.4|0.6|0|0.1|0.3|0.3|0.3
11296|钉钉|0.001|0.001|0|0.2|0.3|0.2|0.3
181297|东方网|0.8|0.2|0|0.2|0.3|0.2|0.3
321298|东风日产|0.7|0.3|0|0.2|0.3|0.2|0.3
181299|懂球帝|0.8|0.2|0.001|0.002|0.002|0.002|0.003
51300|斗鱼直播|0.8|0.2|0.001|0.002|0.002|0.002|0.003
151301|多玩游戏网|0.001|0.001|0.001|0.002|0.002|0.002|0.003
351302|繁星网|0.001|0.001|0|0.2|0.3|0.2|0.3
271303|分期乐|0.4|0.6|0|0.1|0.3|0.3|0.3
341304|蜂巢天下|0.001|0.001|0.001|0.001|0.001|0.001|0.001
71305|蜂助手|0.001|0.001|0.001|0.002|0.002|0.002|0.003
271306|富聊网|0.4|0.6|0|0.1|0.3|0.3|0.3
151307|富士康科技集|0.8|0.2|0|0.2|0.3|0.2|0.3
151308|搞趣网|0.001|0.001|0.001|0.002|0.002|0.002|0.003
341309|个推|0.001|0.001|0.001|0.001|0.001|0.001|0.001
341310|个推接口|0.001|0.001|0.001|0.001|0.001|0.001|0.001
341311|公众号助手-微信公众平台手机端|0.001|0.001|0.001|0.001|0.001|0.001|0.001
371312|谷歌|0.001|0.001|0.001|0.002|0.002|0.002|0.003
41313|谷歌定位|0.7|0.3|0|0.6|0.3|0.05|0.05
241314|呱呱洗车|0.8|0.2|0.1|0.3|0.3|0.2|0.1
181315|光明网|0.8|0.2|0|0.2|0.3|0.2|0.3
151316|国际象棋|0.7|0.3|0|0.2|0.3|0.2|0.3
151317|国际象棋网|0.7|0.3|0|0.2|0.3|0.2|0.3
131318|国领电讯|0.001|0.001|0|0.2|0.3|0.2|0.3
131319|国领电讯7|0.001|0.001|0|0.2|0.3|0.2|0.3
341320|国双科技|0.001|0.001|0.001|0.001|0.001|0.001|0.001
341321|行云网|0.001|0.001|0.001|0.001|0.001|0.001|0.001
251322|航班动态|0.001|0.001|0|0.1|0.3|0.3|0.3
291323|好大夫在线|0.4|0.6|0|0.1|0.3|0.3|0.3
341324|好赞|0.001|0.001|0.001|0.001|0.001|0.001|0.001
51325|和视界|0.001|0.001|0|0.2|0.3|0.2|0.3
341326|河南风景线|0.001|0.001|0.001|0.001|0.001|0.001|0.001
71327|狐狸助手|0.001|0.001|0.001|0.002|0.002|0.002|0.003
331328|互动吧|0.001|0.001|0|0.2|0.3|0.2|0.3
151329|互动百科|0.8|0.2|0|0.2|0.3|0.2|0.3
341330|互联网通行证登录|0.001|0.001|0.001|0.001|0.001|0.001|0.001
341331|互众广告|0.001|0.001|0.001|0.001|0.001|0.001|0.001
51332|花椒网|0.8|0.2|0.001|0.002|0.002|0.002|0.003
151333|华宝国际控股有限公司官网|0.8|0.2|0|0.2|0.3|0.2|0.3
311334|华尔街|0.3|0.7|0|0.2|0.3|0.2|0.3
211335|华为终端云|0.001|0.001|0|0.2|0.3|0.2|0.3
201336|惠锁屏|0.001|0.001|0.001|0.002|0.002|0.002|0.003
151337|极致商务|0.8|0.2|0|0.2|0.3|0.2|0.3
151338|极致营销|0.8|0.2|0|0.2|0.3|0.2|0.3
271339|简单网|0.4|0.6|0|0.1|0.3|0.3|0.3
81340|交易猫|0.001|0.001|0.001|0.002|0.002|0.002|0.003
151341|金立|0.001|0.001|0.001|0.001|0.001|0.001|0.001
151342|金立官网|0.8|0.2|0|0.2|0.3|0.2|0.3
211343|金立云服务|0.001|0.001|0|0.2|0.3|0.2|0.3
111344|金山企业邮箱|0.001|0.001|0|0.2|0.3|0.2|0.3
71345|金山手机控|0.001|0.001|0.001|0.002|0.002|0.002|0.003
171346|金山网络|0.001|0.001|0.001|0.002|0.002|0.002|0.003
271347|京东商城|0.4|0.6|0|0.1|0.3|0.3|0.3
341348|经济|0.001|0.001|0.001|0.001|0.001|0.001|0.001
21349|久久网|0.4|0.6|0|0.1|0.3|0.3|0.3
181350|橘子娱乐|0.8|0.2|0|0.2|0.3|0.2|0.3
341351|聚胜万合广告|0.001|0.001|0.001|0.001|0.001|0.001|0.001
341352|聚胜万和广告|0.001|0.001|0.001|0.001|0.001|0.001|0.001
271353|卷豆|0.4|0.6|0|0.1|0.3|0.3|0.3
271354|卷瓜网|0.4|0.6|0|0.1|0.3|0.3|0.3
321355|卡卡移动|0.7|0.3|0|0.2|0.3|0.2|0.3
341356|卡娃相册|0.001|0.001|0.001|0.001|0.001|0.001|0.001
341357|瞰绩|0.001|0.001|0.001|0.001|0.001|0.001|0.001
311358|考研网|0.001|0.001|0.01|0.9|0.01|0.01|0.02
201359|靠谱运动|0.001|0.001|0.001|0.002|0.002|0.002|0.003
311360|可可|0.3|0.7|0|0.2|0.3|0.2|0.3
151361|酷吧|0.001|0.001|0.001|0.001|0.001|0.001|0.001
241362|快递100|0.001|0.001|0.001|0.002|0.002|0.002|0.003
21363|快读|0.001|0.001|0.1|0.3|0.3|0.2|0.1
151364|快读官方网站|0.001|0.001|0.1|0.3|0.3|0.2|0.1
151365|快玩|0.001|0.001|0.001|0.002|0.002|0.002|0.003
151366|昆仑在线|0.001|0.001|0.001|0.002|0.002|0.002|0.003
11367|拉拉交友|0.001|0.001|0|0.2|0.3|0.2|0.3
151368|来疯网|0.8|0.2|0.001|0.002|0.002|0.002|0.003
341369|乐123|0.001|0.001|0.001|0.001|0.001|0.001|0.001
81370|乐逗游戏|0.001|0.001|0.001|0.002|0.002|0.002|0.003
81371|乐盟网络|0.001|0.001|0.001|0.002|0.002|0.002|0.003
71372|乐商店|0.001|0.001|0.001|0.002|0.002|0.002|0.003
271373|乐视商城|0.4|0.6|0|0.1|0.3|0.3|0.3
151374|乐思互动|0.001|0.001|0|0.2|0.3|0.2|0.3
151375|联想网站|0.8|0.2|0|0.2|0.3|0.2|0.3
81376|脸萌|0.4|0.6|0|0.2|0.3|0.2|0.3
221377|猎豹安全浏览器|0.001|0.001|0.001|0.002|0.002|0.002|0.003
341378|猎户广告|0.001|0.001|0.001|0.001|0.001|0.001|0.001
271379|零购|0.4|0.6|0|0.1|0.3|0.3|0.3
341380|芒果移动广告优化平台|0.001|0.001|0.001|0.001|0.001|0.001|0.001
201381|美图|0.3|0.7|0.001|0.002|0.002|0.002|0.003
201382|美图镣聊聊|0.3|0.7|0.001|0.002|0.002|0.002|0.003
151383|魅族|0.8|0.2|0|0.2|0.3|0.2|0.3
151384|魅族官网|0.8|0.2|0|0.2|0.3|0.2|0.3
151385|魅族科技|0.001|0.001|0.001|0.002|0.002|0.002|0.003
151386|魅族音乐|0.001|0.001|0|0.2|0.3|0.2|0.3
151387|魅族主题|0.001|0.001|0.001|0.001|0.001|0.001|0.001
21388|咪咕阅读|0.001|0.001|0.1|0.3|0.3|0.2|0.1
51389|秒拍|0.001|0.001|0|0.2|0.3|0.2|0.3
51390|秒拍网|0.4|0.6|0|0.1|0.3|0.3|0.3
151391|秒赚官网|0.8|0.2|0|0.2|0.3|0.2|0.3
271392|魔豆|0.4|0.6|0|0.1|0.3|0.3|0.3
341393|魔力相册|0.001|0.001|0.001|0.001|0.001|0.001|0.001
151394|魔秀网|0.001|0.001|0.001|0.001|0.001|0.001|0.001
201395|魔秀桌面|0.001|0.001|0.001|0.002|0.002|0.002|0.003
241396|牛牛生活|0.4|0.6|0|0.1|0.3|0.3|0.3
91397|农业银行|0.7|0.3|0|0.2|0.3|0.2|0.3
151398|欧米茄官方网站|0.8|0.2|0|0.2|0.3|0.2|0.3
221399|欧朋浏览器|0.001|0.001|0.001|0.002|0.002|0.002|0.003
51400|配音秀|0.001|0.001|0|0.2|0.3|0.2|0.3
271401|拼多多|0.4|0.6|0|0.1|0.3|0.3|0.3
341402|品友互动|0.001|0.001|0.001|0.001|0.001|0.001|0.001
291403|平安好医生|0.4|0.6|0|0.1|0.3|0.3|0.3
211404|七牛|0.001|0.001|0|0.2|0.3|0.2|0.3
341405|七星彩|0.001|0.001|0.001|0.001|0.001|0.001|0.001
171406|奇虎360|0.001|0.001|0.001|0.002|0.002|0.002|0.003
271407|奇酷商城|0.4|0.6|0|0.1|0.3|0.3|0.3
151408|奇酷网|0.001|0.001|0|0.2|0.3|0.2|0.3
341409|奇趣百科|0.001|0.001|0.001|0.001|0.001|0.001|0.001
151410|启维网|0.001|0.001|0|0.2|0.3|0.2|0.3
241411|气象频道|0.001|0.001|0.001|0.002|0.002|0.002|0.003
201412|钱宝|0.001|0.001|0.001|0.002|0.002|0.002|0.003
201413|钱咖|0.001|0.001|0.001|0.002|0.002|0.002|0.003
241414|亲宝宝|0.2|0.8|0|0.2|0.3|0.2|0.3
191415|轻松筹|0.001|0.001|0|0.2|0.3|0.2|0.3
81416|球球大作战|0.4|0.6|0|0.2|0.3|0.2|0.3
151417|球球大作战官方网站|0.4|0.6|0|0.2|0.3|0.2|0.3
301418|球探体育|0.001|0.001|0|0.2|0.3|0.2|0.3
341419|渠道管理系统|0.001|0.001|0.001|0.001|0.001|0.001|0.001
271420|趣分期|0.4|0.6|0|0.1|0.3|0.3|0.3
81421|全民泡泡大战|0.4|0.6|0|0.2|0.3|0.2|0.3
151422|全民网|0.8|0.2|0|0.2|0.3|0.2|0.3
151423|全球蛙官网|0.8|0.2|0|0.2|0.3|0.2|0.3
201424|人人赚联盟|0.001|0.001|0.001|0.002|0.002|0.002|0.003
211425|融云|0.001|0.001|0|0.2|0.3|0.2|0.3
311426|若谷教育校宝|0.001|0.001|0.001|0.002|0.002|0.002|0.003
151427|山西公安交警网|0.8|0.2|0|0.2|0.3|0.2|0.3
151428|山西公安厅|0.8|0.2|0|0.2|0.3|0.2|0.3
301429|山西老兵代驾|0.7|0.3|0|0.6|0.3|0.05|0.05
311430|山西人事考试网|0.001|0.001|0.001|0.002|0.002|0.002|0.003
11431|山西移动微信|0.001|0.001|0|0.2|0.3|0.2|0.3
311432|扇贝|0.3|0.7|0|0.2|0.3|0.2|0.3
301433|上华代驾|0.7|0.3|0|0.6|0.3|0.05|0.05
21434|神马小说|0.001|0.001|0.1|0.3|0.3|0.2|0.1
321435|神州优车|0.7|0.3|0|0.2|0.3|0.2|0.3
151436|世纪彩盟（亚洲）官方网站|0.8|0.2|0|0.2|0.3|0.2|0.3
61437|手机多多|0.001|0.001|0|0.2|0.3|0.2|0.3
171438|手机将军令|0.001|0.001|0.001|0.002|0.002|0.002|0.003
181439|手机人民网|0.8|0.2|0|0.2|0.3|0.2|0.3
221440|手机网址导航|0.001|0.001|0.001|0.002|0.002|0.002|0.003
71441|手机助手|0.001|0.001|0.001|0.002|0.002|0.002|0.003
241442|顺丰|0.001|0.001|0.001|0.002|0.002|0.002|0.003
21443|思路客小说|0.001|0.001|0.1|0.3|0.3|0.2|0.1
151444|四季凯芯科技|0.8|0.2|0|0.2|0.3|0.2|0.3
371445|搜狗|0.001|0.001|0.001|0.002|0.002|0.002|0.003
151446|搜狗网|0.8|0.2|0|0.2|0.3|0.2|0.3
341447|搜捷小站|0.001|0.001|0.001|0.001|0.001|0.001|0.001
331448|索引吧|0.001|0.001|0|0.2|0.3|0.2|0.3
311449|太原教育资源网|0.001|0.001|0.001|0.002|0.002|0.002|0.003
311450|太原科技大学教务系统|0.001|0.001|0.001|0.002|0.002|0.002|0.003
271451|淘宝网|0.4|0.6|0|0.1|0.3|0.3|0.3
271452|淘鲜生|0.4|0.6|0|0.1|0.3|0.3|0.3
241453|腾讯体育|0.8|0.2|0|0.2|0.3|0.2|0.3
341454|腾讯相册|0.001|0.001|0.001|0.001|0.001|0.001|0.001
71455|腾讯游戏|0.001|0.001|0.001|0.002|0.002|0.002|0.003
71456|腾讯阅读|0.001|0.001|0.001|0.002|0.002|0.002|0.003
171457|腾讯云诊断平台|0.001|0.001|0.001|0.002|0.002|0.002|0.003
151458|体育网|0.8|0.2|0|0.2|0.3|0.2|0.3
241459|天行汇通|0.001|0.001|0.001|0.002|0.002|0.002|0.003
241460|天气|0.001|0.001|0.001|0.002|0.002|0.002|0.003
341461|天润基业|0.001|0.001|0.001|0.001|0.001|0.001|0.001
191462|天通金|0.001|0.001|0|0.2|0.3|0.2|0.3
331463|天涯社区|0.001|0.001|0|0.2|0.3|0.2|0.3
341464|天涯相册|0.001|0.001|0.001|0.001|0.001|0.001|0.001
341465|偷瞄|0.001|0.001|0.001|0.001|0.001|0.001|0.001
181466|头条|0.001|0.001|0.05|0.25|0.25|0.2|0.25
41467|图行天下|0.7|0.3|0|0.6|0.3|0.05|0.05
311468|土星教育|0.001|0.001|0.001|0.002|0.002|0.002|0.003
81469|兔玩网|0.001|0.001|0.001|0.002|0.002|0.002|0.003
341470|万里通|0.001|0.001|0.001|0.001|0.001|0.001|0.001
311471|万名教育|0.001|0.001|0.001|0.002|0.002|0.002|0.003
341472|网帆信息|0.001|0.001|0.001|0.001|0.001|0.001|0.001
151473|网宿服务平台网站|0.8|0.2|0|0.2|0.3|0.2|0.3
11474|网页版QQ|0.001|0.001|0|0.2|0.3|0.2|0.3
341475|网易127|0.001|0.001|0.001|0.001|0.001|0.001|0.001
151476|网易netease|0.001|0.001|0.001|0.001|0.001|0.001|0.001
111477|网易邮箱|0.001|0.001|0|0.2|0.3|0.2|0.3
371478|网址导航|0.001|0.001|0.001|0.002|0.002|0.002|0.003
11479|微爱|0.001|0.001|0|0.2|0.3|0.2|0.3
31480|微博|0.001|0.001|0|0.2|0.3|0.2|0.3
341481|微博图片网|0.001|0.001|0.001|0.001|0.001|0.001|0.001
341482|微加广告|0.001|0.001|0.001|0.001|0.001|0.001|0.001
341483|微家园|0.001|0.001|0.001|0.001|0.001|0.001|0.001
51484|微看点|0.001|0.001|0|0.5|0.1|0.1|0.2
271485|微盟|0.4|0.6|0|0.1|0.3|0.3|0.3
341486|微派糖|0.001|0.001|0.001|0.001|0.001|0.001|0.001
201487|微票|0.001|0.001|0.001|0.002|0.002|0.002|0.003
151488|微时代|0.001|0.001|0.001|0.001|0.001|0.001|0.001
81489|微信游戏|0.001|0.001|0.001|0.002|0.002|0.002|0.003
191490|微易保险师|0.001|0.001|0|0.2|0.3|0.2|0.3
241491|沃|0.001|0.001|0.001|0.002|0.002|0.002|0.003
341492|无线图片服务|0.001|0.001|0.001|0.001|0.001|0.001|0.001
341493|无线图片网|0.001|0.001|0.001|0.001|0.001|0.001|0.001
321494|无忧汽车|0.7|0.3|0|0.2|0.3|0.2|0.3
61495|虾米|0.001|0.001|0|0.2|0.3|0.2|0.3
241496|香哈菜谱|0.4|0.6|0|0.1|0.3|0.3|0.3
151497|销售精英网站|0.8|0.2|0|0.2|0.3|0.2|0.3
11498|小恩爱|0.001|0.001|0|0.2|0.3|0.2|0.3
151499|小米网|0.8|0.2|0|0.2|0.3|0.2|0.3
341500|小米盒子|0.001|0.001|0.001|0.001|0.001|0.001|0.001
371501|小米搜索|0.001|0.001|0.001|0.002|0.002|0.002|0.003
61502|小米音乐|0.001|0.001|0|0.2|0.3|0.2|0.3
71503|小米应用市场|0.001|0.001|0.001|0.002|0.002|0.002|0.003
211504|小米云服务|0.001|0.001|0|0.2|0.3|0.2|0.3
341505|协作乡|0.001|0.001|0.001|0.001|0.001|0.001|0.001
251506|携程|0.001|0.001|0|0.1|0.3|0.3|0.3
251507|携程旅行网|0.001|0.001|0|0.1|0.3|0.3|0.3
341508|新华产权交易所|0.001|0.001|0.001|0.001|0.001|0.001|0.001
341509|新浪JS|0.001|0.001|0.001|0.001|0.001|0.001|0.001
181510|新浪教育|0.001|0.001|0.001|0.002|0.002|0.002|0.003
321511|新浪秒车|0.7|0.3|0|0.2|0.3|0.2|0.3
181512|新浪手机|0.8|0.2|0|0.2|0.3|0.2|0.3
341513|新浪图片|0.001|0.001|0.001|0.001|0.001|0.001|0.001
211514|新浪云存储|0.001|0.001|0|0.2|0.3|0.2|0.3
81515|新睿桥牌|0.7|0.3|0|0.2|0.3|0.2|0.3
181516|新闻资讯|0.8|0.2|0|0.2|0.3|0.2|0.3
181517|薪火信息|0.8|0.2|0|0.2|0.3|0.2|0.3
181518|薪火信息官网|0.8|0.2|0|0.2|0.3|0.2|0.3
191519|信析宝|0.001|0.001|0|0.2|0.3|0.2|0.3
151520|星座网|0.8|0.2|0|0.2|0.3|0.2|0.3
151521|轩尼诗官网|0.8|0.2|0|0.2|0.3|0.2|0.3
201522|讯飞|0.001|0.001|0.001|0.002|0.002|0.002|0.003
201523|迅雷下载|0.001|0.001|0.001|0.002|0.002|0.002|0.003
201524|迅雷在线|0.001|0.001|0.001|0.002|0.002|0.002|0.003
151525|央广网|0.8|0.2|0|0.2|0.3|0.2|0.3
341526|洋客多|0.001|0.001|0.001|0.001|0.001|0.001|0.001
341527|一点网聚|0.001|0.001|0.001|0.001|0.001|0.001|0.001
341528|一颗小米粒|0.001|0.001|0.001|0.001|0.001|0.001|0.001
311529|一起作业|0.001|0.001|0.001|0.002|0.002|0.002|0.003
241530|一元开宝|0.001|0.001|0.001|0.002|0.002|0.002|0.003
341531|亿告网络广告平台|0.001|0.001|0.001|0.001|0.001|0.001|0.001
341532|易博|0.001|0.001|0.001|0.001|0.001|0.001|0.001
321533|易点时空|0.7|0.3|0|0.2|0.3|0.2|0.3
321534|易点时空官网|0.7|0.3|0|0.2|0.3|0.2|0.3
341535|易企秀|0.001|0.001|0.001|0.001|0.001|0.001|0.001
81536|英雄联盟|0.7|0.3|0.1|0.3|0.3|0.2|0.1
71537|应用超市|0.001|0.001|0.001|0.002|0.002|0.002|0.003
341538|应用试客|0.001|0.001|0.001|0.001|0.001|0.001|0.001
51539|映客|0.001|0.001|0|0.2|0.3|0.2|0.3
151540|优视科技|0.001|0.001|0.001|0.002|0.002|0.002|0.003
341541|游戏下载|0.001|0.001|0.001|0.001|0.001|0.001|0.001
341542|友盟|0.001|0.001|0.001|0.001|0.001|0.001|0.001
331543|友言|0.001|0.001|0|0.2|0.3|0.2|0.3
341544|有钱划|0.001|0.001|0.001|0.001|0.001|0.001|0.001
281545|有缘网|0.001|0.001|0|0.2|0.3|0.2|0.3
271546|有赞CDN|0.4|0.6|0|0.1|0.3|0.3|0.3
271547|又拍网|0.4|0.6|0|0.1|0.3|0.3|0.3
201548|雨露百事通|0.001|0.001|0.001|0.002|0.002|0.002|0.003
341549|语音开发者网站|0.001|0.001|0.001|0.001|0.001|0.001|0.001
201550|悦动圈|0.001|0.001|0.001|0.002|0.002|0.002|0.003
191551|粤国际微盘|0.001|0.001|0|0.2|0.3|0.2|0.3
181552|早知道|0.8|0.2|0|0.2|0.3|0.2|0.3
311553|掌通家园|0.001|0.001|0.001|0.002|0.002|0.002|0.003
201554|掌游宝|0.001|0.001|0.001|0.002|0.002|0.002|0.003
81555|掌游天下|0.001|0.001|0.001|0.002|0.002|0.002|0.003
341556|掌中宝|0.001|0.001|0.001|0.001|0.001|0.001|0.001
91557|招商银行一网通网站|0.7|0.3|0|0.2|0.3|0.2|0.3
341558|智云众|0.001|0.001|0.001|0.001|0.001|0.001|0.001
201559|中大网视科技|0.001|0.001|0.001|0.002|0.002|0.002|0.003
181560|中国网|0.8|0.2|0|0.2|0.3|0.2|0.3
201561|卓悠|0.001|0.001|0.001|0.002|0.002|0.002|0.003
341562|宗易汇|0.001|0.001|0.001|0.001|0.001|0.001|0.001
11563|最右|0.001|0.001|0|0.2|0.3|0.2|0.3
201564|WPS OFFICE|0.001|0.001|0.001|0.002|0.002|0.002|0.003
81565|3D暴力摩托|0.9|0.1|0.1|0.3|0.3|0.2|0.1
341566|337|0.001|0.001|0.001|0.001|0.001|0.001|0.001
241567|12580移动惠生活|0.4|0.6|0|0.1|0.3|0.3|0.3
341568|18助手|0.001|0.001|0.001|0.001|0.001|0.001|0.001
341569|1931女子组合|0.001|0.001|0.001|0.001|0.001|0.001|0.001
151570|21CN|0.001|0.001|0|0.2|0.3|0.2|0.3
371571|2345网址导航|0.001|0.001|0.001|0.002|0.002|0.002|0.003
341572|27270图片网|0.001|0.001|0.001|0.001|0.001|0.001|0.001
341573|324移动广告联盟|0.001|0.001|0|0.2|0.3|0.2|0.3
81574|3366小游戏网|0.001|0.001|0.001|0.002|0.002|0.002|0.003
341575|360彩票|0.001|0.001|0|0.2|0.3|0.2|0.3
21576|360图书馆|0.001|0.001|0.1|0.3|0.3|0.2|0.1
81577|3k玩|0.001|0.001|0.001|0.002|0.002|0.002|0.003
81578|4399手机游戏|0.001|0.001|0.001|0.002|0.002|0.002|0.003
81579|4399小游戏|0.001|0.001|0.001|0.002|0.002|0.002|0.003
81580|52PK游戏网|0.001|0.001|0.001|0.002|0.002|0.002|0.003
21581|7788小说|0.001|0.001|0.1|0.3|0.3|0.2|0.1
311582|91UP考试应对专家|0.001|0.001|0.001|0.002|0.002|0.002|0.003
311583|91UP快学堂|0.001|0.001|0.001|0.002|0.002|0.002|0.003
341584|AAA微转|0.001|0.001|0|0.2|0.3|0.2|0.3
341585|AdMaster|0.001|0.001|0|0.2|0.3|0.2|0.3
341586|AdMaster (软件即服务)|0.001|0.001|0|0.5|0.1|0.1|0.2
341587|appflyer|0.001|0.001|0.001|0.002|0.002|0.002|0.003
341588|appsflyer|0.001|0.001|0.001|0.002|0.002|0.002|0.003
341589|bee7|0.001|0.001|0.001|0.002|0.002|0.002|0.003
151590|Bootstrap开发网|0.8|0.2|0|0.2|0.3|0.2|0.3
341591|bughd|0.001|0.001|0.001|0.002|0.002|0.002|0.003
341592|cheetahmobile|0.001|0.001|0.001|0.002|0.002|0.002|0.003
31593|Chinaunix博客|0.001|0.001|0|0.2|0.3|0.2|0.3
341594|COCO用户中心|0.001|0.001|0.001|0.002|0.002|0.002|0.003
151595|color OS官网|0.8|0.2|0|0.2|0.3|0.2|0.3
341596|coolauncher|0.001|0.001|0.001|0.002|0.002|0.002|0.003
341597|csbew系统|0.001|0.001|0.001|0.002|0.002|0.002|0.003
341598|dataeye|0.001|0.001|0.001|0.002|0.002|0.002|0.003
211599|Discuz!云平台|0.001|0.001|0|0.2|0.3|0.2|0.3
81600|DOTA|0.7|0.3|0.1|0.3|0.3|0.2|0.1
371601|Du114上网导航|0.001|0.001|0.001|0.002|0.002|0.002|0.003
341602|H5TU|0.001|0.001|0.001|0.002|0.002|0.002|0.003
271603|HIGO|0.4|0.6|0|0.1|0.3|0.3|0.3
81604|HIVE手机游戏|0.001|0.001|0.001|0.002|0.002|0.002|0.003
151605|Hi现场|0.001|0.001|0.001|0.001|0.001|0.001|0.001
151606|iPad网址大全|0.001|0.001|0.001|0.002|0.002|0.002|0.003
341607|IPSViewer|0.001|0.001|0.001|0.002|0.002|0.002|0.003
131608|IS语音|0.001|0.001|0|0.2|0.3|0.2|0.3
341609|Jia This|0.001|0.001|0.001|0.002|0.002|0.002|0.003
51610|le123影视|0.001|0.001|0|0.2|0.3|0.2|0.3
341611|MediaV聚胜万合|0.001|0.001|0.001|0.002|0.002|0.002|0.003
51612|meelive|0.8|0.2|0.001|0.002|0.002|0.002|0.003
151613|Microsoft官网|0.8|0.2|0|0.2|0.3|0.2|0.3
201614|Mpush魔推|0.001|0.001|0.001|0.002|0.002|0.002|0.003
151615|NBA中国官方网站|0.8|0.2|0|0.2|0.3|0.2|0.3
341616|nice|0.001|0.001|0.001|0.002|0.002|0.002|0.003
341617|ntalker|0.001|0.001|0.001|0.002|0.002|0.002|0.003
341618|OneThink|0.001|0.001|0.001|0.002|0.002|0.002|0.003
341619|OPPO用户服务|0.001|0.001|0.001|0.002|0.002|0.002|0.003
341620|PicsArt|0.8|0.2|0|0.2|0.3|0.2|0.3
81621|PLU游戏娱乐|0.001|0.001|0.001|0.002|0.002|0.002|0.003
11622|QQ情侣|0.001|0.001|0|0.2|0.3|0.2|0.3
11623|QQ群签到|0.001|0.001|0|0.2|0.3|0.2|0.3
151624|qstatic网|0.001|0.001|0.001|0.001|0.001|0.001|0.001
11625|QT语音|0.001|0.001|0|0.2|0.3|0.2|0.3
11626|Q友乐园|0.001|0.001|0|0.2|0.3|0.2|0.3
341627|Share分享|0.8|0.2|0|0.2|0.3|0.2|0.3
341628|tdimg.com|0.8|0.2|0|0.2|0.3|0.2|0.3
341629|Tumblr|0.001|0.001|0|0.2|0.3|0.2|0.3
11630|twitter|0.001|0.001|0|0.2|0.3|0.2|0.3
341631|w8comcn|0.001|0.001|0.001|0.001|0.001|0.001|0.001
11632|WEB QQ|0.001|0.001|0|0.2|0.3|0.2|0.3
271633|YOHO有货|0.4|0.6|0|0.1|0.3|0.3|0.3
341634|Yuno|0.001|0.001|0.001|0.001|0.001|0.001|0.001
211635|YunOS|0.001|0.001|0|0.2|0.3|0.2|0.3
51636|YY直播|0.8|0.2|0.001|0.002|0.002|0.002|0.003
271637|阿迪达斯官方旗舰店|0.4|0.6|0|0.1|0.3|0.3|0.3
271638|阿里1688|0.4|0.6|0|0.1|0.3|0.3|0.3
271639|阿里巴巴国际交易市场|0.4|0.6|0|0.1|0.3|0.3|0.3
211640|阿里云API服务|0.001|0.001|0|0.2|0.3|0.2|0.3
211641|阿里云服务|0.001|0.001|0|0.2|0.3|0.2|0.3
211642|阿里云服务接口|0.001|0.001|0|0.2|0.3|0.2|0.3
341643|爱彩乐|0.001|0.001|0.001|0.001|0.001|0.001|0.001
51644|爱豆网|0.8|0.2|0.001|0.002|0.002|0.002|0.003
81645|爱乐玩|0.001|0.001|0.001|0.002|0.002|0.002|0.003
81646|爱微游|0.4|0.6|0|0.2|0.3|0.2|0.3
331647|爱问|0.001|0.001|0|0.2|0.3|0.2|0.3
81648|爱游戏|0.001|0.001|0.001|0.002|0.002|0.002|0.003
151649|安与极官网|0.8|0.2|0|0.2|0.3|0.2|0.3
201650|安卓高清壁纸|0.001|0.001|0.001|0.002|0.002|0.002|0.003
151651|安卓网|0.8|0.2|0|0.2|0.3|0.2|0.3
81652|白鹭时代|0.8|0.2|0.1|0.3|0.3|0.2|0.1
151653|百道黄金网|0.8|0.2|0|0.2|0.3|0.2|0.3
341654|百度广告联盟|0.001|0.001|0.001|0.001|0.001|0.001|0.001
371655|百度网页检索静态内容|0.001|0.001|0.001|0.002|0.002|0.002|0.003
81656|百度游戏联运产品|0.001|0.001|0.001|0.002|0.002|0.002|0.003
241657|百胜餐饮|0.4|0.6|0|0.1|0.3|0.3|0.3
341658|暴风魔镜|0.001|0.001|0.001|0.001|0.001|0.001|0.001
341659|暴雪网络科技|0.001|0.001|0.001|0.002|0.002|0.002|0.003
341660|笔趣阁|0.001|0.001|0.001|0.001|0.001|0.001|0.001
201661|哔哩哔哩弹幕|0.001|0.001|0.001|0.002|0.002|0.002|0.003
81662|哔哩游戏|0.4|0.6|0|0.2|0.3|0.2|0.3
21663|并读资讯|0.8|0.2|0|0.2|0.3|0.2|0.3
151664|财新网|0.8|0.2|0|0.2|0.3|0.2|0.3
341665|彩票2元网|0.001|0.001|0.001|0.001|0.001|0.001|0.001
341666|彩票资讯|0.001|0.001|0.001|0.001|0.001|0.001|0.001
181667|参考消息|0.8|0.2|0|0.2|0.3|0.2|0.3
331668|常用小调查|0.001|0.001|0|0.2|0.3|0.2|0.3
341669|畅想平台|0.001|0.001|0.001|0.001|0.001|0.001|0.001
81670|超好玩|0.001|0.001|0.001|0.002|0.002|0.002|0.003
21671|超星发现|0.001|0.001|0.1|0.3|0.3|0.2|0.1
21672|超星数字图书馆|0.001|0.001|0.1|0.3|0.3|0.2|0.1
341673|初见APP|0.001|0.001|0.001|0.001|0.001|0.001|0.001
151674|锤子科技|0.8|0.2|0|0.2|0.3|0.2|0.3
341675|村上爱好者|0.001|0.001|0.001|0.001|0.001|0.001|0.001
81676|大富豪2手游|0.8|0.2|0.1|0.3|0.3|0.2|0.1
151677|大象册官网|0.8|0.2|0|0.2|0.3|0.2|0.3
151678|弹幕网|0.8|0.2|0|0.2|0.3|0.2|0.3
21679|道客巴巴|0.001|0.001|0.1|0.3|0.3|0.2|0.1
341680|德邦物流|0.001|0.001|0|0.2|0.3|0.2|0.3
81681|点乐|0.001|0.001|0.001|0.002|0.002|0.002|0.003
341682|点入广告|0.001|0.001|0.001|0.001|0.001|0.001|0.001
131683|电话邦|0.001|0.001|0|0.2|0.3|0.2|0.3
241684|动动计步|0.6|0.4|0.001|0.002|0.002|0.002|0.003
21685|豆丁|0.001|0.001|0.1|0.3|0.3|0.2|0.1
21686|多说网|0.001|0.001|0|0.2|0.3|0.2|0.3
81687|多玩游戏网6|0.001|0.001|0.001|0.002|0.002|0.002|0.003
81688|二店长的游戏|0.001|0.001|0.001|0.002|0.002|0.002|0.003
201689|法语助手|0.001|0.001|0.001|0.002|0.002|0.002|0.003
241690|飞华健康网|0.4|0.6|0|0.1|0.3|0.3|0.3
151691|粉笔网|0.8|0.2|0|0.2|0.3|0.2|0.3
51692|粉笔直播课|0.8|0.2|0.001|0.002|0.002|0.002|0.003
191693|蜂赢E片红|0.001|0.001|0|0.2|0.3|0.2|0.3
191694|福源币交易|0.001|0.001|0|0.2|0.3|0.2|0.3
151695|格尔木非公有制经济网|0.8|0.2|0|0.2|0.3|0.2|0.3
341696|格图|0.001|0.001|0.001|0.001|0.001|0.001|0.001
21697|个人随笔|0.001|0.001|0|0.2|0.3|0.2|0.3
311698|跟我学|0.001|0.001|0.001|0.002|0.002|0.002|0.003
341699|公益|0.001|0.001|0|0.2|0.3|0.2|0.3
341700|管理系统|0.8|0.2|0|0.2|0.3|0.2|0.3
11701|光海微校通|0.001|0.001|0|0.2|0.3|0.2|0.3
341702|广东省贵金属交易中心|0.7|0.3|0|0.2|0.3|0.2|0.3
341703|广告平台|0.001|0.001|0.001|0.001|0.001|0.001|0.001
341704|广升FOTA|0.001|0.001|0.001|0.001|0.001|0.001|0.001
341705|广西银河商品交易中心|0.001|0.001|0|0.2|0.3|0.2|0.3
341706|广州瞬锐网络科技有限|0.001|0.001|0.001|0.001|0.001|0.001|0.001
341707|贵州省兴任县佳文生态|0.001|0.001|0|0.2|0.3|0.2|0.3
151708|国泰君安证券网|0.7|0.3|0|0.2|0.3|0.2|0.3
341709|果敢时代|0.001|0.001|0.001|0.001|0.001|0.001|0.001
21710|海岸线文学网|0.001|0.001|0.1|0.3|0.3|0.2|0.1
151711|海外网|0.8|0.2|0|0.2|0.3|0.2|0.3
251712|汉庭酒店|0.001|0.001|0|0.1|0.3|0.3|0.3
21713|行吟小红书|0.001|0.001|0.1|0.3|0.3|0.2|0.1
11714|好玩聊聊|0.001|0.001|0|0.2|0.3|0.2|0.3
151715|好万家养生网|0.8|0.2|0.001|0.002|0.002|0.002|0.003
341716|号码黄页|0.001|0.001|0.001|0.001|0.001|0.001|0.001
341717|合肥市和泰家具厂|0.001|0.001|0.001|0.002|0.002|0.002|0.003
151718|黑岩网|0.8|0.2|0|0.2|0.3|0.2|0.3
341719|红动在线设计平台|0.001|0.001|0.001|0.001|0.001|0.001|0.001
201720|红圈营销|0.001|0.001|0.001|0.002|0.002|0.002|0.003
51721|花椒直播|0.8|0.2|0.001|0.002|0.002|0.002|0.003
331722|话题圈|0.001|0.001|0|0.2|0.3|0.2|0.3
201723|黄油相机|0.3|0.7|0.001|0.002|0.002|0.002|0.003
201724|婚礼纪|0.001|0.001|0.001|0.002|0.002|0.002|0.003
201725|火车时刻表|0.001|0.001|0.001|0.002|0.002|0.002|0.003
221726|火候浏览器|0.001|0.001|0.001|0.002|0.002|0.002|0.003
151727|吉林农产品交易中心|0.001|0.001|0.001|0.001|0.001|0.001|0.001
341728|极光推送|0.001|0.001|0.001|0.001|0.001|0.001|0.001
151729|极限网络|0.001|0.001|0|0.2|0.3|0.2|0.3
341730|极验|0.001|0.001|0.001|0.001|0.001|0.001|0.001
341731|极赚客|0.001|0.001|0.001|0.001|0.001|0.001|0.001
341732|加网|0.001|0.001|0.001|0.001|0.001|0.001|0.001
311733|家长帮|0.001|0.001|0.001|0.002|0.002|0.002|0.003
151734|健客网|0.4|0.6|0|0.1|0.3|0.3|0.3
151735|江西企业网|0.8|0.2|0|0.2|0.3|0.2|0.3
91736|交行信用卡中心|0.6|0.4|0|0.2|0.3|0.2|0.3
341737|捷酷信息技术|0.001|0.001|0.001|0.001|0.001|0.001|0.001
181738|界面|0.8|0.2|0|0.2|0.3|0.2|0.3
341739|今目标|0.001|0.001|0|0.2|0.3|0.2|0.3
151740|金山云公司官网|0.8|0.2|0|0.2|0.3|0.2|0.3
191741|晋金所|0.001|0.001|0|0.2|0.3|0.2|0.3
201742|晶赞|0.001|0.001|0.001|0.002|0.002|0.002|0.003
321743|九佳汽车服务|0.7|0.3|0|0.2|0.3|0.2|0.3
321744|九佳洗车服务系统|0.7|0.3|0|0.2|0.3|0.2|0.3
151745|军事观察网|0.8|0.2|0|0.2|0.3|0.2|0.3
271746|君品汇|0.4|0.6|0|0.1|0.3|0.3|0.3
341747|卡妞电子贺卡|0.001|0.001|0.001|0.001|0.001|0.001|0.001
211748|开放云支撑|0.001|0.001|0|0.2|0.3|0.2|0.3
341749|开心水族箱|0.001|0.001|0.001|0.001|0.001|0.001|0.001
21750|看书啦|0.001|0.001|0.1|0.3|0.3|0.2|0.1
311751|考试吧|0.001|0.001|0.001|0.002|0.002|0.002|0.003
331752|考验论坛|0.001|0.001|0|0.2|0.3|0.2|0.3
341753|科大讯飞|0.001|0.001|0.001|0.002|0.002|0.002|0.003
341754|空间5|0.001|0.001|0.001|0.001|0.001|0.001|0.001
271755|空空狐|0.4|0.6|0|0.1|0.3|0.3|0.3
311756|口袋老师|0.001|0.001|0.001|0.002|0.002|0.002|0.003
341757|酷吧科技|0.001|0.001|0|0.5|0.1|0.1|0.2
271758|酷派商城|0.4|0.6|0|0.1|0.3|0.3|0.3
181759|快报|0.8|0.2|0|0.2|0.3|0.2|0.3
341760|快乐魔豆|0.001|0.001|0.001|0.001|0.001|0.001|0.001
331761|拉拉社区|0.001|0.001|0|0.2|0.3|0.2|0.3
341762|来赚|0.4|0.6|0|0.1|0.3|0.3|0.3
341763|莱富特佰图片|0.001|0.001|0.001|0.001|0.001|0.001|0.001
271764|兰蔻网上商城|0.4|0.6|0|0.1|0.3|0.3|0.3
51765|蓝鲸人|0.8|0.2|0.001|0.002|0.002|0.002|0.003
271766|乐飞购物|0.4|0.6|0|0.1|0.3|0.3|0.3
271767|乐飞商城|0.4|0.6|0|0.1|0.3|0.3|0.3
151768|乐行天下网|0.001|0.001|0|0.1|0.3|0.3|0.3
71769|乐视市场|0.001|0.001|0.001|0.002|0.002|0.002|0.003
211770|乐视云|0.001|0.001|0|0.2|0.3|0.2|0.3
271771|乐天免税店官网|0.4|0.6|0|0.1|0.3|0.3|0.3
201772|乐蛙科技|0.001|0.001|0.001|0.002|0.002|0.002|0.003
81773|雷电OS Editor|0.001|0.001|0.001|0.001|0.001|0.001|0.001
151774|李宁官网|0.4|0.6|0|0.1|0.3|0.3|0.3
21775|鲤鱼乡|0.001|0.001|0.1|0.3|0.3|0.2|0.1
341776|力美广告平台|0.001|0.001|0.001|0.001|0.001|0.001|0.001
341777|莲子数据|0.001|0.001|0.001|0.001|0.001|0.001|0.001
341778|量子恒道|0.001|0.001|0.001|0.001|0.001|0.001|0.001
151779|烈火官网|0.7|0.3|0.1|0.3|0.3|0.2|0.1
341780|猎豹广告平台|0.001|0.001|0.001|0.001|0.001|0.001|0.001
201781|流量通|0.001|0.001|0.001|0.002|0.002|0.002|0.003
51782|六间房|0.8|0.2|0.001|0.002|0.002|0.002|0.003
81783|鹿游网络|0.001|0.001|0.001|0.002|0.002|0.002|0.003
341784|码卡平台|0.001|0.001|0.001|0.001|0.001|0.001|0.001
341785|麦收移动传媒|0.001|0.001|0.001|0.001|0.001|0.001|0.001
101786|漫画人|0.7|0.3|0.1|0.3|0.3|0.2|0.1
151787|芒果TV网|0.001|0.001|0|0.2|0.3|0.2|0.3
81788|冒泡|0.001|0.001|0|0.2|0.3|0.2|0.3
271789|美乐乐家居网|0.4|0.6|0|0.1|0.3|0.3|0.3
11790|美丽约|0.001|0.001|0|0.2|0.3|0.2|0.3
341791|美图集选|0.001|0.001|0.001|0.001|0.001|0.001|0.001
341792|美图聊聊|0.001|0.001|0.001|0.002|0.002|0.002|0.003
341793|美图网|0.001|0.001|0.001|0.002|0.002|0.002|0.003
201794|魅族日历|0.001|0.001|0.001|0.002|0.002|0.002|0.003
81795|梦三国官方网站2|0.001|0.001|0.001|0.002|0.002|0.002|0.003
81796|梦想具现|0.001|0.001|0.001|0.001|0.001|0.001|0.001
271797|蜜芽|0.4|0.6|0|0.1|0.3|0.3|0.3
81798|棉花糖|0.001|0.001|0|0.2|0.3|0.2|0.3
321799|秒车网|0.7|0.3|0|0.2|0.3|0.2|0.3
81800|魔兽世界|0.8|0.2|0.1|0.3|0.3|0.2|0.1
241801|墨基移动|0.001|0.001|0.001|0.002|0.002|0.002|0.003
201802|木仓手机软件|0.001|0.001|0.001|0.002|0.002|0.002|0.003
271803|那美零购生活网|0.4|0.6|0|0.1|0.3|0.3|0.3
341804|南宁（中国—东盟）商|0.001|0.001|0.001|0.002|0.002|0.002|0.003
101805|内涵村|0.7|0.3|0.1|0.3|0.3|0.2|0.1
271806|柠檬微趣|0.4|0.6|0|0.1|0.3|0.3|0.3
341807|农信银资金清算中心|0.001|0.001|0.001|0.002|0.002|0.002|0.003
21808|派小说网|0.001|0.001|0.1|0.3|0.3|0.2|0.1
11809|盘丝洞|0.001|0.001|0|0.2|0.3|0.2|0.3
201810|泡吧|0.001|0.001|0.001|0.002|0.002|0.002|0.003
341811|品牌排行网|0.001|0.001|0|0.2|0.3|0.2|0.3
21812|品书网|0.001|0.001|0.1|0.3|0.3|0.2|0.1
271813|品质365|0.4|0.6|0|0.1|0.3|0.3|0.3
191814|平安保险网站|0.001|0.001|0|0.2|0.3|0.2|0.3
201815|蒲公英应用内测专家|0.001|0.001|0.001|0.002|0.002|0.002|0.003
51816|齐齐互动视频|0.8|0.2|0.001|0.002|0.002|0.002|0.003
341817|奇鲁科技|0.001|0.001|0.001|0.001|0.001|0.001|0.001
201818|企查查|0.001|0.001|0.001|0.002|0.002|0.002|0.003
351819|企鹅FM|0.001|0.001|0.1|0.3|0.3|0.2|0.1
321820|汽车酒吧|0.7|0.3|0|0.2|0.3|0.2|0.3
321821|汽车在线|0.7|0.3|0|0.2|0.3|0.2|0.3
11822|亲觅家人|0.001|0.001|0|0.2|0.3|0.2|0.3
201823|情侣相机|0.3|0.7|0.001|0.002|0.002|0.002|0.003
81824|趣炫信息|0.001|0.001|0.001|0.001|0.001|0.001|0.001
341825|全民彩票|0.001|0.001|0.001|0.001|0.001|0.001|0.001
81826|全民夺宝|0.4|0.6|0|0.1|0.3|0.3|0.3
91827|全支付|0.6|0.4|0|0.2|0.3|0.2|0.3
341828|热门彩票|0.001|0.001|0.001|0.002|0.002|0.002|0.003
211829|热云数据|0.001|0.001|0|0.2|0.3|0.2|0.3
341830|任务试客积分墙管理系统|0.001|0.001|0.001|0.001|0.001|0.001|0.001
241831|日照市东港区昊天摄影|0.3|0.7|0.001|0.002|0.002|0.002|0.003
241832|肉丁生活创意|0.4|0.6|0|0.1|0.3|0.3|0.3
81833|锐派游戏|0.001|0.001|0.001|0.002|0.002|0.002|0.003
81834|三国跑酷|0.7|0.3|0.1|0.3|0.3|0.2|0.1
151835|三五中文网|0.8|0.2|0|0.2|0.3|0.2|0.3
151836|三星（中国）电子官网|0.8|0.2|0|0.2|0.3|0.2|0.3
191837|山西证券金典网|0.7|0.3|0|0.2|0.3|0.2|0.3
21838|闪赚联盟|0.001|0.001|0|0.5|0.1|0.1|0.2
341839|陕西有色金属交易中心|0.001|0.001|0.001|0.001|0.001|0.001|0.001
311840|扇贝网|0.3|0.7|0|0.2|0.3|0.2|0.3
341841|上海宝开软件有限公司|0.7|0.3|0|0.2|0.3|0.2|0.3
341842|上海高姿化妆品有限公司|0.001|0.001|0.001|0.001|0.001|0.001|0.001
271843|尚之潮网|0.4|0.6|0|0.1|0.3|0.3|0.3
341844|深圳港云科技有限公|0.001|0.001|0.1|0.3|0.3|0.2|0.1
341845|什么值得买图片|0.001|0.001|0.001|0.001|0.001|0.001|0.001
341846|神州鹰|0.001|0.001|0.001|0.001|0.001|0.001|0.001
301847|圣代驾|0.7|0.3|0|0.6|0.3|0.05|0.05
271848|时尚男士网|0.4|0.6|0|0.1|0.3|0.3|0.3
341849|室内定位|0.001|0.001|0.001|0.001|0.001|0.001|0.001
341850|手机泡泡吧|0.001|0.001|0.001|0.001|0.001|0.001|0.001
341851|搜购网|0.001|0.001|0.001|0.001|0.001|0.001|0.001
181852|搜狐|0.8|0.2|0|0.2|0.3|0.2|0.3
191853|太平洋保险|0.001|0.001|0|0.2|0.3|0.2|0.3
271854|太平洋电脑网|0.4|0.6|0|0.1|0.3|0.3|0.3
271855|太平洋时尚网|0.4|0.6|0|0.1|0.3|0.3|0.3
181856|太原新闻网|0.8|0.2|0|0.2|0.3|0.2|0.3
11857|探探|0.001|0.001|0|0.2|0.3|0.2|0.3
271858|唐久微商城|0.4|0.6|0|0.1|0.3|0.3|0.3
21859|躺着看小说站|0.001|0.001|0.1|0.3|0.3|0.2|0.1
341860|淘福利|0.001|0.001|0.001|0.001|0.001|0.001|0.001
171861|腾讯安全|0.001|0.001|0.001|0.002|0.002|0.002|0.003
201862|腾讯公益|0.001|0.001|0.001|0.002|0.002|0.002|0.003
81863|腾讯游戏帮帮|0.001|0.001|0.001|0.002|0.002|0.002|0.003
211864|腾讯云|0.001|0.001|0|0.2|0.3|0.2|0.3
151865|体育|0.8|0.2|0|0.2|0.3|0.2|0.3
151866|天津正欣信息技术有限|0.8|0.2|0|0.2|0.3|0.2|0.3
271867|天乐商城|0.4|0.6|0|0.1|0.3|0.3|0.3
201868|天脉聚源|0.001|0.001|0.001|0.002|0.002|0.002|0.003
71869|甜玉米营销助手|0.001|0.001|0.001|0.002|0.002|0.002|0.003
201870|贴图|0.3|0.7|0.001|0.002|0.002|0.002|0.003
191871|同花顺金融服务网|0.7|0.3|0|0.2|0.3|0.2|0.3
41872|图吧地图|0.7|0.3|0|0.6|0.3|0.05|0.05
201873|图片上传|0.001|0.001|0.001|0.002|0.002|0.002|0.003
241874|土巴兔装修网|0.6|0.4|0|0.2|0.3|0.2|0.3
271875|哇哦一元云购|0.4|0.6|0|0.1|0.3|0.3|0.3
81876|瓦力网|0.001|0.001|0.001|0.002|0.002|0.002|0.003
271877|玩家邮币卡交易网|0.4|0.6|0|0.1|0.3|0.3|0.3
201878|万瑞数据|0.001|0.001|0.001|0.002|0.002|0.002|0.003
191879|网易贵金属|0.001|0.001|0|0.2|0.3|0.2|0.3
31880|微博平台|0.001|0.001|0|0.2|0.3|0.2|0.3
201881|微禾迅涂图 TuSDK|0.001|0.001|0.001|0.002|0.002|0.002|0.003
201882|微马客|0.001|0.001|0.001|0.002|0.002|0.002|0.003
211883|微盘|0.001|0.001|0|0.2|0.3|0.2|0.3
201884|微平台投票系统|0.001|0.001|0.001|0.002|0.002|0.002|0.003
211885|微信云端|0.001|0.001|0|0.2|0.3|0.2|0.3
251886|微游时代|0.001|0.001|0|0.1|0.3|0.3|0.3
341887|微转发|0.001|0.001|0.001|0.001|0.001|0.001|0.001
181888|未来网|0.8|0.2|0|0.2|0.3|0.2|0.3
201889|文档下载助手|0.001|0.001|0.001|0.002|0.002|0.002|0.003
201890|闻康网图库|0.3|0.7|0.001|0.002|0.002|0.002|0.003
241891|问我|0.001|0.001|0.001|0.002|0.002|0.002|0.003
81892|蜗牛网|0.001|0.001|0.001|0.002|0.002|0.002|0.003
241893|我爱我家|0.6|0.4|0|0.1|0.3|0.2|0.4
21894|我爱阅读|0.001|0.001|0.1|0.3|0.3|0.2|0.1
241895|我答答|0.4|0.6|0|0.1|0.3|0.3|0.3
251896|我趣|0.001|0.001|0|0.1|0.3|0.3|0.3
201897|我要个性|0.001|0.001|0.001|0.002|0.002|0.002|0.003
21898|吾读小说网|0.001|0.001|0.1|0.3|0.3|0.2|0.1
321899|洗车惠|0.7|0.3|0|0.2|0.3|0.2|0.3
201900|先锋影音|0.001|0.001|0.001|0.002|0.002|0.002|0.003
341901|小米路由器|0.001|0.001|0.001|0.001|0.001|0.001|0.001
81902|小米游戏|0.001|0.001|0.001|0.002|0.002|0.002|0.003
211903|小米云|0.001|0.001|0|0.2|0.3|0.2|0.3
341904|小能科技|0.001|0.001|0.001|0.001|0.001|0.001|0.001
311905|小天才|0.001|0.001|0.001|0.002|0.002|0.002|0.003
311906|校园无忧|0.001|0.001|0.001|0.002|0.002|0.002|0.003
81907|心动游戏|0.001|0.001|0.001|0.002|0.002|0.002|0.003
271908|昕女孩网|0.4|0.6|0|0.1|0.3|0.3|0.3
31909|新浪博客|0.001|0.001|0|0.2|0.3|0.2|0.3
91910|新支付宝|0.6|0.4|0|0.2|0.3|0.2|0.3
191911|信达证券|0.7|0.3|0|0.2|0.3|0.2|0.3
81912|星游传媒|0.001|0.001|0.001|0.002|0.002|0.002|0.003
201913|秀米XIUMI|0.001|0.001|0.001|0.002|0.002|0.002|0.003
311914|学网|0.001|0.001|0.001|0.002|0.002|0.002|0.003
311915|学信网|0.001|0.001|0.001|0.8|0.8|0.001|0.002
71916|迅雷手机助手|0.001|0.001|0.001|0.002|0.002|0.002|0.003
21917|言情小说吧|0.001|0.001|0.1|0.3|0.3|0.2|0.1
341918|吆喝科技|0.7|0.3|0|0.2|0.3|0.2|0.3
341919|姚记彩票|0.001|0.001|0.001|0.001|0.001|0.001|0.001
241920|医护网|0.4|0.6|0|0.1|0.3|0.3|0.3
341921|怡飞-富汇|0.001|0.001|0.001|0.001|0.001|0.001|0.001
341922|移动互联网运营与服务提供商|0.001|0.001|0.001|0.001|0.001|0.001|0.001
341923|移动终端公司应用数据采集|0.001|0.001|0.001|0.001|0.001|0.001|0.001
341924|易观智库|0.001|0.001|0.001|0.001|0.001|0.001|0.001
271925|易微商|0.4|0.6|0|0.1|0.3|0.3|0.3
81926|益玩手机游戏|0.001|0.001|0.001|0.002|0.002|0.002|0.003
341927|用户行为分析与推荐平台|0.001|0.001|0.001|0.001|0.001|0.001|0.001
301928|优打车|0.001|0.001|0|0.1|0.3|0.3|0.3
271929|优梦穿衣助手|0.4|0.6|0|0.1|0.3|0.3|0.3
271930|优品惠|0.4|0.6|0|0.1|0.3|0.3|0.3
81931|游族网络|0.7|0.3|0|0.2|0.3|0.2|0.3
341932|友宝|0.001|0.001|0.001|0.001|0.001|0.001|0.001
201933|有道翻译|0.001|0.001|0.001|0.002|0.002|0.002|0.003
341934|有货短域名|0.001|0.001|0.001|0.001|0.001|0.001|0.001
131935|有信网络|0.001|0.001|0|0.2|0.3|0.2|0.3
311936|幼教管理系统|0.2|0.8|0|0.2|0.3|0.2|0.3
11937|柚子|0.001|0.001|0|0.2|0.3|0.2|0.3
181938|娱乐范|0.8|0.2|0|0.2|0.3|0.2|0.3
341939|语音云广告推送平台|0.001|0.001|0.001|0.001|0.001|0.001|0.001
281940|缘分吧|0.001|0.001|0|0.2|0.3|0.2|0.3
281941|缘分网|0.001|0.001|0|0.2|0.3|0.2|0.3
11942|悦动|0.001|0.001|0|0.2|0.3|0.2|0.3
341943|云测监控|0.001|0.001|0.001|0.001|0.001|0.001|0.001
311944|云朵课堂|0.001|0.001|0.001|0.002|0.002|0.002|0.003
271945|云集微店|0.4|0.6|0|0.1|0.3|0.3|0.3
341946|云图DMP|0.7|0.3|0|0.2|0.3|0.2|0.3
51947|在直播APP|0.8|0.2|0.001|0.002|0.002|0.002|0.003
81948|战斗吧剑灵|0.001|0.001|0.001|0.002|0.002|0.002|0.003
81949|章鱼TV|0.8|0.2|0.001|0.002|0.002|0.002|0.003
81950|掌趣|0.001|0.001|0.001|0.002|0.002|0.002|0.003
191951|掌上贵金属|0.001|0.001|0|0.2|0.3|0.2|0.3
91952|招商银行-小企业e家|0.7|0.3|0|0.2|0.3|0.2|0.3
211953|智子云|0.001|0.001|0|0.2|0.3|0.2|0.3
271954|中北明夷|0.4|0.6|0|0.1|0.3|0.3|0.3
241955|中国联通网上营业厅|0.4|0.6|0|0.1|0.3|0.3|0.3
181956|中国青年网|0.8|0.2|0|0.2|0.3|0.2|0.3
181957|中华康网|0.8|0.2|0|0.2|0.3|0.2|0.3
181958|中维世纪|0.8|0.2|0|0.2|0.3|0.2|0.3
181959|忠仕软件|0.8|0.2|0|0.2|0.3|0.2|0.3
181960|忠仕伟业|0.8|0.2|0|0.2|0.3|0.2|0.3
181961|重庆秒银科技有限公司|0.8|0.2|0|0.2|0.3|0.2|0.3
181962|华尔街见闻|0.8|0.2|0|0.2|0.3|0.2|0.3
181963|人民日报|0.8|0.2|0|0.2|0.3|0.2|0.3
181964|澎湃新闻|0.8|0.2|0|0.2|0.3|0.2|0.3
181965|南方周末|0.8|0.2|0|0.2|0.3|0.2|0.3
181966|新华社|0.8|0.2|0|0.2|0.3|0.2|0.3
181967|好奇心日报|0.8|0.2|0|0.2|0.3|0.2|0.3
181968|BBC新闻|0.8|0.2|0|0.2|0.3|0.2|0.3
221969|傲游云浏览器|0.001|0.001|0.001|0.002|0.002|0.002|0.003
221970|海豚浏览器|0.001|0.001|0.001|0.002|0.002|0.002|0.003
271971|回家吃饭|0.4|0.6|0|0.1|0.3|0.3|0.3
271972|在家点点|0.4|0.6|0|0.1|0.3|0.3|0.3
231973|口碑外卖|0.4|0.6|0|0.1|0.3|0.3|0.3
231974|到家美食会|0.4|0.6|0|0.1|0.3|0.3|0.3
231975|拼豆夜宵外卖|0.4|0.6|0|0.1|0.3|0.3|0.3
231976|我有外卖|0.4|0.6|0|0.1|0.3|0.3|0.3
231977|零号线外卖|0.4|0.6|0|0.1|0.3|0.3|0.3
11978|对面|0.001|0.001|0|0.2|0.3|0.2|0.3
11979|碰碰|0.001|0.001|0|0.2|0.3|0.2|0.3
11980|脉脉|0.001|0.001|0|0.2|0.3|0.2|0.3
301981|神州专车|0.001|0.001|0|0.1|0.3|0.3|0.3
301982|8684公交|0.001|0.001|0|0.1|0.3|0.3|0.3
301983|嘀嗒巴士|0.001|0.001|0|0.1|0.3|0.3|0.3
301984|AA拼车|0.001|0.001|0|0.1|0.3|0.3|0.3
301985|地铁通|0.001|0.001|0|0.1|0.3|0.3|0.3
301986|酷米客实时公交|0.001|0.001|0|0.1|0.3|0.3|0.3
301987|多多拼车|0.001|0.001|0|0.1|0.3|0.3|0.3
301988|车到哪|0.001|0.001|0|0.1|0.3|0.3|0.3
251989|智行火车票|0.001|0.001|0|0.1|0.3|0.3|0.3
301990|路路通|0.001|0.001|0|0.1|0.3|0.3|0.3
251991|盛名时刻表|0.001|0.001|0|0.1|0.3|0.3|0.3
251992|飞常准|0.001|0.001|0|0.1|0.3|0.3|0.3
271993|蜜淘|0.4|0.6|0|0.1|0.3|0.3|0.3
271994|私蜜搭|0.4|0.6|0|0.1|0.3|0.3|0.3
271995|波罗蜜全球购|0.4|0.6|0|0.1|0.3|0.3|0.3
271996|一淘|0.4|0.6|0|0.1|0.3|0.3|0.3
271997|YohoBuy有货|0.4|0.6|0|0.1|0.3|0.3|0.3
271998|辣妈商城|0.4|0.6|0|0.1|0.3|0.3|0.3
271999|乐友|0.4|0.6|0|0.1|0.3|0.3|0.3
272000|妈妈100|0.4|0.6|0|0.1|0.3|0.3|0.3
72001|谷歌市场|0.001|0.001|0.001|0.002|0.002|0.002|0.003
242002|食神摇摇|0.4|0.6|0|0.1|0.3|0.3|0.3
242003|美味不用等|0.4|0.6|0|0.1|0.3|0.3|0.3
242004|掌厨|0.4|0.6|0|0.1|0.3|0.3|0.3
242005|饭本|0.4|0.6|0|0.1|0.3|0.3|0.3
242006|菜谱精灵|0.4|0.6|0|0.1|0.3|0.3|0.3
242007|觅食|0.4|0.6|0|0.1|0.3|0.3|0.3
242008|味觉大师|0.4|0.6|0|0.1|0.3|0.3|0.3
272009|妈妈100|0.4|0.6|0|0.1|0.3|0.3|0.3
72010|谷歌市场|0.001|0.001|0.001|0.002|0.002|0.002|0.003
242011|食神摇摇|0.4|0.6|0|0.1|0.3|0.3|0.3
242012|美味不用等|0.4|0.6|0|0.1|0.3|0.3|0.3
242013|掌厨|0.4|0.6|0|0.1|0.3|0.3|0.3
242014|饭本|0.4|0.6|0|0.1|0.3|0.3|0.3
242015|菜谱精灵|0.4|0.6|0|0.1|0.3|0.3|0.3
242016|觅食|0.4|0.6|0|0.1|0.3|0.3|0.3
242017|味觉大师|0.4|0.6|0|0.1|0.3|0.3|0.3
270248|乐蜂网|0.2|0.8|0|0.1|0.3|0.3|0.3
180260|铁血网|0.9|0.1|0|0.2|0.3|0.2|0.3
270286|蘑菇街|0.1|0.9|0|0.1|0.3|0.3|0.3
270287|美丽说|0.1|0.9|0|0.1|0.3|0.3|0.3
180344|米尔军事|0.9|0.1|0|0.2|0.3|0.2|0.3
330391|宝宝树孕育|0.05|0.95|0|0.2|0.3|0.2|0.3
50417|虎牙直播|0.8|0.2|0.001|0.002|0.002|0.002|0.003
240419|大姨吗|0.05|0.95|0|0.2|0.3|0.2|0.3
330481|妈妈帮|0.05|0.95|0|0.001|0.7|0.7|0.101
200487|美人相机|0.1|0.9|0.001|0.002|0.002|0.002|0.003
200491|美颜相机|0.1|0.9|0.001|0.002|0.002|0.002|0.003
80609|开心消消乐|0.4|0.6|0|0.2|0.3|0.2|0.3
270619|宝贝格子|0.2|0.8|0|0.001|0.7|0.7|0.101
270627|美丽衣橱|0.1|0.9|0|0.1|0.3|0.3|0.3
270639|辣妈汇|0.2|0.8|0|0.001|0.7|0.7|0.101
270645|妈妈淘|0.2|0.8|0|0.001|0.7|0.7|0.101
240653|秀美甲|0.1|0.9|0|0.2|0.3|0.2|0.3
240654|美啦|0.1|0.9|0|0.2|0.3|0.2|0.3
270718|淘粉吧|0.1|0.9|0|0.1|0.3|0.3|0.3
270832|唯品会|0.3|0.7|0|0.1|0.3|0.3|0.3
10927|妈妈圈|0.05|0.95|0|0.001|0.7|0.7|0.101
270930|明星衣橱|0.1|0.9|0|0.1|0.3|0.3|0.3
10931|辣妈帮|0.05|0.95|0|0.001|0.7|0.7|0.101
240934|穿衣助手|0.1|0.9|0|0.1|0.3|0.3|0.3
50984|直播吧|0.8|0.2|0.001|0.002|0.002|0.002|0.003
200991|美柚|0.1|0.9|0.001|0.002|0.002|0.002|0.003
241094|闺蜜圈|0.05|0.95|0|0.2|0.3|0.2|0.3
241095|河狸家|0.1|0.9|0|0.2|0.3|0.2|0.3
241096|美妆心得|0.1|0.9|0|0.2|0.3|0.2|0.3
